30
1
1419402624
2
1020426361
1342605524 -1936270329
3
1251643271
-1376212268 1170734090
-57724211 1431929402 -1800931485
4
-291964989
936349222 -1599409666
675587727 -480510548 -1099629896
988389417 187717743 1061902023 411378984
5
-73862701
-889771288 -1788241515
833211752 -135679945 2022646781
-1117083769 719762626 1054771566 1164825971
188342196 1055918120 175421649 59575226 -557318328
6
-175606074
-185915324 1156578401
556545881 1194574208 701065764
-103194764 1339990015 647916411 -394161506
-1524081379 726195952 254371964 498303094 191597598
697692826 680353864 1063355602 732432611 -167376081 1098538868
7
-451111021
901403055 -956827403
-367200484 -1610066710 -2020266577
-214895860 -1492068369 1142965215 -1870992948
-1159274982 -318725057 367697592 265451187 -74821118
161715765 1061669649 1843952687 -48489233 -282215662 557413919
745438222 -138494521 -675806682 377928043 -403640901 887096517 81069667
8
-1735019772
-584242160 1226161670
-1534878238 -686363348 1151297775
733780143 914018438 1145625682 -2134119895
927050325 492626883 -30379989 749263998 84338885
-459665704 -238111783 -1514913942 949042195 -1791185322 1514557131
-1840834158 -471090380 -439952650 1942476560 132925146 579869314 -1011127270
552885664 519675929 820663858 1637162003 574744114 699836874 413983458 -171093397
9
1730977555
-222427082 -636017607
-84182502 -56093026 1400872171
910226981 -882095350 1184640865 -1059755415
1305498419 -10368871 -6689075 963247033 1326268009
-993665839 -307859302 -1575402821 608977549 -443086408 -1622179033
1444366030 771889624 205720287 -714307390 -466786116 654460004 1034500642
1928548659 -1873660696 415293001 -953330099 -1694012925 57893244 586921570 1329652790
415755198 918706758 -938743987 491564353 -32778233 -383338058 12999391 -935613282 -1845463418
10
794280138
1411783760 1106240842
98914441 375333199 -1446858598
-278234168 1635909033 -1303838272 -554049652
-135762224 1269987454 1081922180 -315563778 -2003650983
5108220 -77579887 1025748516 -1244804521 -586144475 1074756670
134945369 -227037309 -505939797 -894366006 -895882047 -1640782099 695255093
-2039626140 -1059142377 1473431138 -426716503 814097639 -1557656583 -1239035543 1954138062
280896315 -1277325327 294014225 261701912 214180132 594755101 -179847751 -44865122 1185431119
-106922929 -1731654436 924884099 656987062 1612529649 -207727463 -221822174 508684661 15785454 1886949459
11
494756106
757984711 1201843497
715360872 -803020424 2121108383
987920142 -235850100 1061370729 81259729
-187802374 -1059911592 153974750 -941727406 198653127
-838976174 20461458 1434498895 9362940 -1081637366 389976105
-931517140 563377488 695047210 1671329481 256692588 -670479690 988763429
-1860115036 -115048883 -175410818 -138216762 -545025391 702190471 1613295047 -1350620068
-2018237322 -740061753 1911152493 1564382003 574212007 -139730354 -1543403344 -653410261 851698869
-390368357 945796318 -645175033 219354184 125691784 1626465360 -111750805 -641396163 218927287 1438448320
73224095 1461648414 1034276025 15221813 986535730 -894057732 1868407482 1291224621 832607752 -167782121 1247881960
12
-1121369497
1748475258 -1440570968
24039122 173238860 -1657390795
1850063703 -746001684 -328904069 -1163638982
-348982097 -1180756581 149398053 248914774 -798665223
-733957251 -476617427 -1189216140 458153831 229418597 -895511964
-1094852252 23775988 523087533 -101900315 -1166227098 -254057128 1571640113
-392334859 1171564792 418324906 468239642 242934306 -796374649 576996241 1637743523
351600832 1178942971 571472138 -632583400 811802988 -1053232246 493295368 -1719021512 -1422873834
-841474760 674850171 -1435701202 1575078906 -35824365 1646757602 -35221877 -615428823 -389542111 -1952503823
-883101022 1006136350 -154889989 -727250855 -190266862 -977138276 -622337793 563992952 -1188280753 -1171800779 -1563536110
459902956 -1223174963 454478648 -47348192 152421450 1061587091 -425445981 -950742942 799874568 -1610241767 -964355725 -579622753
13
-2006496423
-892982161 72722243
1745532436 -477394430 1305179016
-434193687 -51295307 -1371004292 1159730784
-341244699 -308631390 1884394063 -1060383429 2028236494
874943647 42564058 -417104391 -1147064690 113129283 -1962306318
1146523957 -354148054 -103956498 -108719355 220976497 -1361432383 -1024219607
397723479 -1891270782 -555416770 546414716 553021348 903501114 -72144755 1002666338
368549838 129454358 -1217371453 970296117 118275727 1498582194 620003828 399972050 1328619812
-398602830 54248808 1783687311 -1268123532 -242943333 1377305969 -1910040580 -134285561 377073979 -812197611
-419799192 507304225 -1068039661 392764880 -1050742455 1275803925 -30890175 811209666 -401422730 704665236 -1292251609
-733505113 274413164 -730111906 230759800 1077344079 -341887889 -1597473038 -1990591943 -305103942 -453853905 -884555906 -656566846
691552445 -191131644 1164071934 645727346 -231288539 -1001940539 1066707467 -700559665 807899221 285798016 428201088 -999482661 1934821324
14
-765532412
-18581516 815755026
-58921682 1440268947 -862045197
-599250532 1353495667 -1461334339 -1966645871
1538069556 -979988004 -417478585 -1006582238 1661723893
370442971 1345100691 -4289516 -1137846101 230586844 -877615909
340477909 -1210289842 524969661 387772074 1743136465 885538590 -689804879
133396510 -641066954 683733552 157268429 675396927 1511927211 -89601659 -1832511173
-34124104 418992234 1116231041 428344385 197875489 365283500 -134841120 -319236814 103620840
-1354033270 -316373543 456462578 -158515203 -1485868157 1093843824 -284293965 524511719 -311714916 2058543304
-1990023528 -213609160 -868621001 643445731 557780682 1316350496 1473871035 566086411 137434277 -201414350 -1535376283
123759149 -187182763 -52324299 -165100878 30091208 142458559 -1172021179 -310064260 -1216169007 -73099879 -24095962 1763988124
623943312 181952443 -1156560109 24721470 289937415 641394864 763541005 -1324978539 -853396621 -183074659 -334307615 312853023 1750558421
-344813324 141554220 1224674333 -1123624185 384208708 -364832493 987144509 529698479 965658739 -748988505 -1402243369 111983364 -1215336900 -2005192028
15
1538033809
-292444008 -1465504279
-459255782 -128254707 -129656820
-280424723 302911884 -666707950 -1888957023
-491114613 843029929 628169386 229547959 -828090593
115695030 -803631699 -1581350715 826737828 -598931642 51564548
-586566230 418839414 -1337855566 1289583246 679202631 -1110524126 1713256825
-1205610190 983840139 83734589 1027836475 576159396 -1161872595 1286339718 1260852615
1419111462 -1577501728 268269311 318264316 -942276851 -458904586 12486378 -1585518903 -794089360
1141476994 -520300312 -990210259 11120422 -673889069 457374586 -257726141 -22684381 347584275 -1422400444
-924748822 -605004925 1606912942 134820596 -165131378 -434780719 1757195057 -628778768 -1034924060 -327159989 -66650868
1547070265 1388634252 807937381 -1106901990 115372810 430044021 -309992524 669936848 -1741547662 802510124 722898704 -1674669097
464244281 137135079 961460564 67212393 -569174274 183002713 -1863675796 214635884 -1478869440 -47028864 -228610360 -728499969 1797048421
307270208 351696733 -1039809136 78725518 -922929867 597146117 1099618969 647868106 -737621189 655206969 401719725 1027330810 1132789268 -1309810688
-233082054 -494596605 -788161813 443154741 906623858 -391481477 985256626 1484013024 442072641 562119430 1280392401 1370241817 969225408 122684896 -1096024883
16
778060940
756256512 1224907408
-885178872 -74220732 55513864
640945455 -550868216 807768763 -736461674
-1947521947 278076368 1107610043 -478304140 -1150788618
-2519121 -308532824 1185194184 368796185 1441425950 1332010394
-622592358 651850078 585458532 -1484966351 42799664 336537959 1219746159
-462452368 -1367069569 310073221 301855646 920556588 -337668689 -442344751 -1917156214
614896519 -431899010 365147767 -946798918 -295040605 545434034 -101484596 101654403 3946346
-6485690 728391620 -1173335858 898825335 -384068054 -1199700972 -392809068 -238536305 491753378 -380710016
-472852797 81957081 -1492838063 356277665 668594182 -1288799531 81738892 -114367311 710736931 29116878 186920782
-981660174 -1022862910 645112567 1119026763 148194120 338895519 -164260709 -1980039250 -1896966118 534394184 -730211671 698728426
-189114923 -470951193 -671459685 563144994 -446809540 -1522791727 49212287 160630686 -1560857811 -182147890 -849484871 148677227 -390644117
-58258962 1405961582 -392180296 359661089 23217630 1465432710 925379866 644509711 1446790143 -641659250 -1481809193 183822864 1502582301 1237530936
285306569 -1655865127 -609138873 -1082916100 60687922 740028380 435538047 -1556733806 612642566 467150418 -1151122117 -531363612 -765330421 808101760 29005435
-1331788711 -382063871 17235392 -397658803 4822968 -449304295 -890126801 542602978 1853998874 41919210 -412405406 37607372 735536471 -12641533 -1398410820 328238915
17
-1568813819
-194154310 1559757920
-145098792 1330021958 1777580617
-1318541503 6559710 -66958042 -1723502384
-1771797514 -1112600176 1092428999 126871118 -1027996296
549247551 25491252 336422880 1137004986 -100327639 -1996683945
-321031937 -557429921 1330485428 -1888801089 -88124375 387069739 754012935
-1313280655 -181529647 1138592197 -597641453 -108112940 -1152361407 -543070981 -1881871583
1068455577 1238061129 899723867 -5503989 1130861151 -1540855354 -319779877 -1338748481 58641341
-391948439 -711894550 -292521442 -743980598 -321273993 -887213649 997761529 -1090479259 -1227698153 -706362362
-1093295272 -429442617 -1771265602 1732788061 86309480 -141411968 385627411 -1340660739 -1258744217 -350785183 -142664776
-596013703 818426831 751544248 1076652452 28356959 -1348308646 -484625175 1395691254 479699276 334583907 -77326158 1830169833
-242037855 -880321794 -376712833 -709755372 -775248886 -544865805 1194454794 1389982656 130486936 928879740 -1085649415 -680500435 1838237722
531638744 -407693100 181864981 89954136 -942193327 859102334 -1739400555 822677230 161083517 651044278 184411298 1164141894 -109917677 259831803
64185663 -744815809 -126392398 -434607687 1017791624 259136314 1393744438 -222238887 -416483318 502727562 412651732 1434638113 286304499 258794700 1998675239
135155497 -343735793 -509395597 -219183937 1295646617 -110023613 -188327838 -964480203 824507637 -1367265038 337585055 1160448379 -1102846571 -758546473 -1112220940 414338235
-383770868 1101502327 155888807 -39036256 280907600 293735537 32695031 1398888051 -364423762 1219910576 -620567567 795323428 582014937 -338479129 -1481714386 -1567583855 -946984856
18
1899472621
1055579689 456015669
-533824804 -1133896113 1065370559
-1434077733 1030959493 900493322 651203304
-1169392460 377874177 1282950526 297036780 -817205429
230927183 982373644 377660155 -817317672 -10311385 2048365920
1513197073 -1297689041 1153319506 -1970860352 -1015164114 835935478 -784617143
1231141417 957454945 -1790756545 33206023 286515803 -862842193 1262652753 167537783
-667375957 -344123395 -1902463503 680485821 503160200 -288825944 509278372 514121945 -1586088281
-460143206 1296867453 -395179583 1698522597 758080729 -542176293 351809402 -96795986 -1171750532 1081294338
-1118808810 365704637 563315093 129622429 693898357 -82964134 -1283574591 1211838510 -102050001 -1378207983 1058301043
-137446572 517542975 1146935143 -1340267502 244902748 1426878146 -11054971 -1362637960 1395659227 1126572893 932853560 1320549412
1899886400 83251633 203273061 782273848 1183193002 -388507070 387852113 -914359471 784825696 -141474471 -845533189 476088491 -1722611344
-1601760796 -145781540 -437565518 976794183 -489047465 -53587826 676026940 12235537 629844506 1135814826 689088152 33323321 -364416138 661940349
195105519 31375243 -309117089 405886701 1691255759 81508241 -950919598 -26421772 -807343642 -944104938 1050299878 -51912706 1365947849 -305529289 1760938688
-468209380 1037076237 1186199332 494967694 120655481 30105133 -313125464 1086989591 -523029167 702525802 -1001080330 214365059 -354848036 837367818 -1394920655 1608436436
-52439900 265855343 578040414 129349823 -54026281 -522475661 -440127265 617951019 -148410197 -249162891 -546345486 1098810588 -86258608 55446405 1107580393 1037113190 940969774
853329781 -315123815 -239021524 -317143735 -108706202 541544449 -658420433 602434011 -807088739 614711820 221137141 -838054523 447299664 -1246045863 -294157599 -56125135 -761204556 1995014042
19
-1180017814
742908571 117315831
932807454 -887229202 -1247289771
-149303697 872160798 -1159407399 -1275372838
-1948207223 139153067 17181239 -734577483 -2042106852
552967688 -1260626866 -1385529249 -1918539841 -514355880 272349170
249039561 -662264432 824242945 1176765776 1557720201 -647091831 -1067202405
-175709587 -931883169 1107189611 177899563 -703393350 815477088 452748403 -1985889316
-372404515 -535751492 -686321357 -660719595 875713364 1341830546 1581983 -30245431 1180104618
1122166527 -205160447 -1198262796 -802761393 1521863498 -581177363 -393237408 -529714156 377834908 1077620260
-76489477 -101386850 -860864538 1703590759 1147170033 -524236754 862370378 109875211 177678983 177144927 200327224
-846199886 684004466 1075796774 1349748784 -555508449 -50637658 311863607 -865782074 984582263 1215934468 526927388 -1313928227
852173104 1378143741 -673696529 442010659 486854159 -268666351 19679748 -224898333 1307733160 1112930180 -1772217889 -849379847 -1040132967
370903679 1317786433 37326051 -770026597 1499343314 293386646 -267977173 1391953765 1360872583 -234318110 974084007 -66043495 510452193 1870864246
-562663488 -502031533 397473204 -982459002 682284487 -513186439 -493654005 -600211290 -408769558 1717086254 -821868004 948270625 -1120677185 -565924907 710575141
-643285868 738795306 -1226081186 -272531670 -194305746 949970932 1124847809 -154001751 377869072 -535748937 -426074511 -756163914 -335047448 -472558061 156371610 -1522434490
-148436909 -282289571 743878029 307198861 1682919757 701959736 -354325209 1264925585 -969321370 -893882438 -547784281 -170580820 -590214004 8209135 -682098267 -206618123 -946855692
-328659993 147573757 850866899 389512328 640050464 568107231 -300294877 -449757195 1729516299 -1778025269 158630441 -109568668 108006931 -737927227 -663201110 -893440568 239123563 -807172234
339980721 -371009958 468175337 -705455643 1260317561 -120178073 -1685891967 -1860532809 -1456882615 1852783218 -4825227 1187729819 -1103449784 -48967398 1284501330 -1700981424 -22670208 300972733 -1937985290
20
170290225
899843649 1916472021
1293634298 -106997017 -1202274714
-43702097 689328910 1116692589 680321940
-1053296345 -964336274 524358842 350866929 -2103052831
204503667 1299284840 960678450 -1058686053 868205876 -74701644
-1777680356 -1157332195 -697896886 -507409274 254829029 -805928536 -1841101145
-171395098 919911186 -1515133253 1409404072 -374020163 662911362 1401687891 1365367755
-694202723 -228543784 40409478 -660714946 1812016799 260106643 732854358 -433317851 -1139970314
1814904387 -1436901425 -1504040319 239873252 -1496950167 1336319264 -612591305 -694683444 302102348 -1726009474
987496123 -641002929 -1073241618 -392458474 -855161308 -885089709 337248020 512836008 -829939434 571186566 1744385808
-850000859 -563894830 606849231 -596401462 207920170 -823859699 -164574342 342945756 -125223062 802990898 132326371 64470723
-747137763 657521764 726257119 25259607 839296259 425991260 1590790418 1249970162 -810101001 -737781500 -1628600221 37787304 -868049607
435292090 982802220 -1135707782 1215057657 720168615 -676719805 -1703599546 234074004 98930480 1744537359 -433675293 10079450 1314001423 -493939513
-404616975 115415635 -341347584 1198689483 27177852 -1219075830 -649347785 -114621372 -569910705 531709580 -1534972065 -408698067 917986912 -82529016 1614165802
-802157852 -518447934 -24684575 -463581366 -380860270 428433082 -218658480 -1143441918 -484916178 -923058170 -146877740 -789269289 -700955380 -1082678001 580588966 -487156243
560559739 700193600 -1585215947 -1959160877 -1221052872 544583657 1825215864 1749690397 -255872473 -841034275 -9806475 -574826673 706088907 -122267447 17267280 -1033415693 288682994
-447560401 85005978 273032090 1186952169 1719616079 -1668395786 -469047567 1414783075 566469672 777769713 -9325467 -678286662 -1531544811 1031228119 -342420246 334015451 -1029656186 -1220675740
-1137887334 -683285523 280069029 -735458027 -477895152 195783229 -133584010 280857112 646627436 -1512409873 -261111992 410884510 339584025 702691533 -956931802 -710231821 -111176711 -926689466 771258291
322205346 -785615065 1326782818 1405659449 767659281 -121237996 64189135 335694827 -456903478 -6294051 493276890 -1411109458 681041845 557482993 -1048221790 -931378214 733136354 -1426640631 559700583 -1485202360
21
-1367727088
-452186097 1839487026
660208088 -1952233909 504762456
265929330 1368319664 -589106703 1016337674
-117723998 -1414177236 -475484595 -68217222 -1672594199
-660690147 319360366 -931790913 -1647454155 164415232 -861900397
-777173565 1112774947 1205829181 -1097185035 -573386778 -1042017482 667950483
186385744 741470117 -1489322982 -310088616 -861498815 1528920380 268075351 -1149793970
1735668629 -103704254 650264400 7416422 -51517302 379029036 611431239 -844781535 -1539482032
-340861746 -872147588 -454273813 24247884 -714693043 814170912 1646769849 1254639942 -738800043 739659626
-989971467 -1751244174 148101230 -42781930 502342073 -433507372 -1095679969 -996937698 1188053674 810603212 1930908190
294249872 -266226576 1113759796 -768708856 637850924 -480847260 543826293 -944926917 -1457069869 -397923298 -220283135 2101333413
-1139247560 1174312212 386862566 1194110105 251418550 -810975331 -95277416 -152893640 1113908294 -1686712554 27191518 -848560951 1464659605
158954813 -1088125421 237196161 1797154711 190944970 -264306933 29544636 -141714502 1126822380 -782027103 188386805 -243794046 -1166164129 -890375154
-1532769767 756248737 110749230 -434891213 -364549222 198427530 924335083 -1626767075 -1072065131 -601980811 -920348539 1202232928 -1494398213 629193195 385282258
1680891528 972697801 -743663251 -1577950846 1989496613 -476198967 -738953341 -182417906 -260653275 1056713765 -1059962311 101370296 530840017 292238987 419377782 80932993
591932809 723236987 1127702352 825663267 -632762162 -1395680623 992252433 898582382 -81213391 542114596 1213340779 -959474735 -1076747400 541058890 -30798689 1607823708 8558913
-35055719 1955566490 -1046597813 1065617533 -52866815 -1041389516 488774981 1553344738 377432345 -80349584 -1226849886 -1864599729 1332021372 560141209 285557544 179181522 730888909 -904250286
1527299979 -623349510 445492184 1022844617 240796746 1356128247 -1137354023 -795434873 -244198210 -1132106799 -808264517 877724954 -505969921 -1459748187 760773647 186650166 1285620650 181885960 1941327104
-1072610572 -1862782637 -84933862 116064950 708764337 -1384478447 887913406 668788300 -1624823012 294312536 -318818644 1382720876 50408410 594814466 525749436 -597927676 -1419436730 -176322205 424643071 373306810
-1185308212 1278057042 -1545875905 -1158450328 910633863 -392530643 483397544 -658241280 329524478 1503729452 1036216167 -1251766270 -583196513 -1927286569 130271973 -341169478 565804691 336694407 1312948258 -627522002 1513781311
22
1475031373
-1208037801 -847596814
-129595221 203990093 227870709
1336648593 -266001786 944495508 -393784120
1443792080 34880700 -682609578 13625212 -631044016
321402814 -853068309 -1011968952 -740368353 109437039 1235380184
-52073267 -265916803 -29041770 -127816769 -1016127093 -277526441 -1170943145
-220679369 -104773420 -884203169 88766979 53601663 -913615696 -13716339 -1558013498
428102156 1198073557 -623237599 1313126306 755086449 524434103 -1002398211 955776650 -1867115009
-1932015486 1275335692 1283072253 1582930283 1042669866 -1671796274 -569813119 1326512418 -109126552 -460883598
-1212946768 -312655654 149709245 1729513005 1743265145 694946672 1415579689 128532586 1850193679 597595184 393854262
-489539543 -1433679002 547159249 679393417 1896842046 1098064147 202923531 806403098 -969672085 -1546396119 1357563170 1886438653
325934467 157594378 -1138383235 -1379119028 -837074518 -208855080 861009731 -91546843 -938289831 -43160877 840015964 -413326753 1422944600
-597082687 -680225710 1563935083 -940537580 1419529709 975161132 -248887712 463491984 -90733039 -629152946 -1186887557 1373369426 418388940 1882758239
-41873900 -1010385789 -509641576 1656803910 -1261349620 619808923 81528574 19014112 155317620 -236682292 119387438 25946228 -974841583 -421517684 36297920
1277554426 260316597 325769560 -270296110 -945765322 434894610 -99797226 -2119656116 -363923771 1213500079 -111945089 -268288786 -626104311 -197724610 -216268063 -1918954446
1041990520 -1321155934 105907104 -1619373494 -431913163 691757646 958715208 853776445 -173324359 -331243317 -1631096797 -1543420336 -1419273272 56502425 -612921390 -1140368716 988377498
1519726703 245344776 -1023971955 1430610173 777945134 1948147374 -17130118 -673290855 -705426651 -12901470 -1670090533 619362194 1575424773 132833096 507369370 -295815651 349194334 1507179692
-328066908 -495843195 -1005188683 -208363527 955056337 465959739 -958649775 -1461643466 1277839788 -1260667608 -907077485 1741820637 685914416 -193981212 -249265786 389286736 -301366643 578035197 1705031128
107297126 -1095376060 -52110210 1270518084 1004008271 -10434414 1181609473 141182400 -1769107176 -159277921 -301456098 -536171672 -372163399 466220255 -437169962 1468904053 288120909 -1173732159 761312172 -1054041011
465527450 750501744 164881614 -1031936132 1350754726 -1578393995 -1264278323 613393815 -1671564875 813573814 -660090326 -1743403142 -1536447262 -647207137 -42987859 80500099 117577096 124108267 472929981 71260685 1531252172
427351430 -956680955 236627635 -427851474 1049611040 -977363662 565595884 -571679905 -200139933 -826073523 1232261150 687710465 434819094 -733318003 -1538658139 858238371 -116772125 -1279598862 -1154956435 -1212157656 1393643422 1762111231
23
1325609169
-455141042 -1651187776
-33255041 940253511 1675569631
-194912454 -511612725 703781440 -1111144584
9284014 360585473 -468346339 -797631780 -1065912689
1824053711 -889669906 1060592678 -73971460 -1149699543 451460383
-157600438 -1077598338 971754183 789211663 1594501482 -342919370 202244021
-299708019 -89887111 878486531 -1927775647 493041175 1355275614 -1562270263 1076224524
1872036655 198558059 -940788939 -20546284 -242614698 -257946081 -1124974521 -858923535 -1527632996
-206653105 1425987663 -151735561 985069601 -82237856 -1212392996 -1245565102 -678159022 -1065099529 2078830029
-905473335 -719169960 -232450163 -1367839421 1202282660 -1593505752 718485312 -434695959 -971947844 628961087 1645897320
-875807755 299241051 -590389386 88257467 -1046603509 -577460158 468407392 -1250447238 1788825261 -341672916 419998904 562272349
-1297655428 1334629313 96290865 1270263433 -335997900 -146207418 -308521487 -1195121970 -493467351 -843273089 98451417 -1155594479 -1633406095
-1331892203 1310867227 -102044370 1705255567 859026395 92799782 1123749772 -570774303 774568134 -474173424 -453331978 801900143 -4894051 -1540610394
207757808 50909227 -592911635 242195645 712495745 570515174 482260587 489818860 726748090 -1891971327 581616505 191819328 25294641 587314642 1817663800
-1356384307 -1593346 384619652 -225617679 547783666 386703956 1143842003 831207907 415306162 1121815704 909461387 -657604308 -1108335146 682701553 -358439716 -1782962018
116257727 1655703438 163967683 2082498870 954495115 1585145916 -68168078 1220812343 -562692785 364944839 -127331865 -134126772 524300640 -374887540 -1067417210 482219176 -278799501
604306753 885369216 -1162503473 139842084 158745767 -946598814 262917455 387776973 13770274 -227599343 -496319087 870234849 -55102868 -491017428 -1950855784 -367098436 -283304168 542797997
852512364 -955776905 -29844110 -1148999675 -1106381290 -530979349 -1687309868 -954006209 688497421 706585332 1218521810 -109087475 1350601346 -1082859196 -535486254 -360876607 756737382 -966850789 1474586840
482871523 737481786 492022159 11935640 245320329 -86309556 -1273100489 198598157 -760711898 1076171065 -706213286 1124427504 -102052847 581880407 132617003 599115080 -110850541 1128645277 290162181 -1148176051
15008881 -1071333413 704409851 -1092393710 -133212754 -1478176170 -628498270 1590759901 324112126 -446410210 750627015 587145446 -61397513 -123261556 -285027122 -1507179667 -1849942042 321906237 610055554 1232822511 -950002912
1269642351 -1260616415 -1115543170 -1203752708 638445540 -1425668032 327846254 1447840785 -4775586 -1207904518 -1094052507 599680399 -935443137 777410742 -1370099854 423241354 400349893 -275233498 -132323921 -254402937 -1065495036 -445692974
236877563 316773020 -151369844 -1300937337 1450676161 -216870717 -166364072 13391945 31040219 -105882123 1358086740 1358549637 -100174052 -1386497672 -1054612202 727765445 -208598393 -693190761 177937743 -650013782 647735324 304369789 1565233369
24
364089484
-100641519 1331276361
-911776131 -853117447 -1469297079
464864636 1533771861 879168583 -441086704
355114858 1187441547 877593554 1111378371 893947748
1187744665 -337077694 97541006 456711979 949279288 -340283401
11189962 -781929062 309787784 203169708 1249397157 -1873838346 1650938278
738327994 787173073 244409715 -68087049 785154958 578974130 840360118 -353161805
-800620320 -1120830124 -1166558115 981859967 -102203658 20989540 -1900683401 -235065547 69361193
43861863 -1443371681 1023208763 1590523688 -621874302 519396914 280870893 918073477 -1011693044 -602308400
-1298709849 -1408927358 628593568 -1080719947 468936729 -718412566 184038116 156085544 628670056 509807950 -960763344
83870179 -1044602640 492938043 427853093 -73817333 1381332649 1239058708 -40529586 -517932582 -643629814 -302902545 534268349
340225429 -875324418 -297901490 -1328697572 -1138902998 -1600024789 -627279792 902511068 1839616565 839366422 -332815790 908225453 -848849187
471812296 971415119 -199391055 -2083165725 -346162757 -44676977 -1015070171 1092321134 -1784266012 -1510456080 -303243599 217715967 -1461163047 675096388
640389383 1497155093 1002040060 1671163446 41983505 -21145199 847248922 -5741221 525599116 -1336183585 9641793 -419020956 -675713251 171435644 814394876
-689989718 -898398394 -1034970304 133770832 -1014379719 174560863 -69519946 891244443 -1541656282 -425446421 -632780299 380478380 145213818 92555734 -763942627 -724797548
266408443 -1007697837 -398228644 -92116213 -147513957 -903672572 -1053759172 1190320895 86206289 838123283 229574172 -288364775 131799701 -627761157 -468835144 74146126 -1601127495
-548404577 -1047598971 -1699645158 1319396049 -191845815 942490689 372216971 806407356 62062870 -1995352815 -1240192951 539867075 1213230333 -1219302661 -120290515 635021197 18667417 1958593050
-71392722 781935440 -121840803 -1313005820 621188396 -696376952 -1078469860 819743135 -1023239813 -439441901 -942179643 372989618 136127874 -653534014 1733460902 522921241 590876007 1683767089 -1519815209
-148201581 -368705772 912528088 -544581672 -1101319671 -1129126291 1767519943 -1759927055 328729951 941125924 -1038549124 649355427 -1659289819 665865277 -604351906 -15271386 -1528591510 -1849375261 1357926697 710075256
-626146689 -362729153 -12959700 240567687 835785416 -1658372330 -310418488 167868026 178941979 -681599243 -1181467530 -292673126 -439561780 -1232074119 -738716456 627786899 -605332829 -1984680729 1881449942 393375460 -249029261
-531502236 -101052571 494475533 -1405602969 1510440130 -292805696 1598610200 -479687099 171523553 -218523536 -83518698 -34610170 -374642868 -1343238933 296816848 -436375019 15962772 -1300541018 1289112348 163105394 133981489 1587861546
973509887 638159473 698532814 165735660 -113063339 1344488877 498328693 -798508814 1568859818 -30962086 -956987247 176321774 934836329 1785873784 -1749932778 -457485467 150301465 -889400889 303696849 -1055821611 -692283061 -196221810 1777521353
-657668051 -517463097 605896041 494847289 -83492704 -449041543 -497364123 35882373 112330875 654871638 1040535318 -711095915 131091356 1192359851 -1368445596 -868270739 829957693 -533667090 682113015 924378355 91011438 -177349400 -939111666 -697081444
25
118169719
-934600136 -436471637
-458501012 -132088768 -1482291366
-599246367 753709196 -197025392 1049139616
-215089778 866248124 -1861479476 476809058 241379776
-157702348 537779091 -310007633 18643535 1134267851 -1930665874
573659115 574833662 -422863914 1535830305 1612597350 1093772109 356106047
108020655 1102374249 479240689 -863482531 -867053764 567750002 1054959264 -323020536
43261216 -695364965 1876212735 33310152 525427995 -1287655826 -886088815 290911223 257438829
-418353025 -1291426719 -345324758 -296739146 895119052 263966746 -1956060523 -1681983483 934106398 -1174360412
73942692 1565647819 1095633677 -95392911 430394887 1375325387 307972636 -594676182 -49337626 -573099304 -1244755691
1020193835 -1291041998 3654703 1412207297 818398308 -133448464 -1486289899 1057528608 -500931541 465458943 1318215698 -447430196
-1050951700 -1424860648 -1767892659 -857057497 964917297 169395664 -459843448 -1121183183 -763412161 -632241283 -399290437 449729485 9849774
1220575103 162579534 -325175419 983193227 -536649694 -665623574 575721322 -1254716146 1284235806 412450 -171915031 1471160588 -435827937 -107108148
18940002 518805537 -136346764 -1243076117 1891573460 -940720529 -1354618055 473602288 1416898288 -1323808844 1190384055 1294918206 -477768311 -161694990 843610153
93297719 384882351 -356357206 44981686 403366252 815479394 -469900143 651540573 116874151 -372105064 953775683 1454071258 1836745834 127388249 1156138243 -2040450743
-2005842 -534628306 -918043988 -924236745 314141209 146336507 350624690 -1458513555 694697161 -1013729136 -1742374111 769277198 1695665225 -261878490 -1525865892 -1079206954 1202443189
-1369580467 1534300600 -760585742 -560799525 -1117977478 572342544 90630396 279346045 101415223 471204577 -516946273 515512930 222649861 285908781 979680460 473201209 333838468 312885652
225959178 717223764 -108508037 1465787001 699409179 1234662096 14296035 -118216206 57608887 -439212664 1276395915 -300519636 1322055876 -151574431 544701481 475717745 -542418368 131333700 1896606372
1073131212 607476405 -166233645 386767177 -1188350914 -1365314069 -829220879 333620952 -378721076 -287494519 965248472 1502479090 680734688 -722351138 699171855 -983752222 707877709 741872195 614998431 1221194227
1396716187 -1082555875 383621739 781274139 -98246331 1085707398 -872481607 -1310716157 -182724499 1269360830 1024934450 -31452808 381151327 -406551997 -86469855 -443372441 252004777 -90777460 984348610 1726891102 -2048233015
417016774 -633959899 -622278686 -314888296 215127334 -1149151175 1047543846 -1519817313 1300603625 -854562655 467301209 -636542156 -1800758065 1118646230 -1069912185 22937574 -1043567859 344695314 1168451122 -785418548 1860992466 -76877797
-666208378 98500404 -1160395437 -267204733 -787471578 168026127 1102817798 1735266364 -352190212 656470984 -497898357 -1502615902 581361753 -363723722 -1208137809 -334944962 -185089762 921810465 409570642 959407443 1640681765 -68543248 -1751770491
-179481292 80195263 440310463 1232516833 360155630 -224719957 1295471945 -271033988 87997859 121068076 10385357 989699474 188849246 339377407 402858868 208331759 -319957644 -601816812 -199405039 -213391549 -74603470 -1995908862 -882201149 800389872
-905171183 432706090 -58069237 1888392912 -161375487 -542121983 920666963 338321329 117685993 968189770 419213427 -22574765 -569056055 581975326 -987993509 1457878115 -327384281 -266208300 -826860284 908429879 -42991084 -1650826854 327066506 -727375182 -1619396297
26
-1187900763
-1083282325 1001976058
903083932 -1708928302 -963873600
66658452 -1603816559 -475488454 -1384564508
-824550676 1558974986 -791028067 -9043342 -1727061703
1281484903 206185618 335285813 -867720228 -773966332 -631144769
-79217861 1343346183 973767550 -48669889 -1621940360 636443887 -389732008
-110225711 -728721879 -714468314 844583655 -1489722295 681167014 -1787349057 576699571
25167823 411832837 767078300 978178482 1215960095 -1212027906 -577098000 906882946 693009725
-717424349 314645571 -1668986084 1494609355 -399311558 580487978 569672270 -499011652 -1650940317 528892990
626773413 811648148 -1393008030 -798664253 -1578926627 -677696486 987395094 -913672786 823672041 -1552146493 -1845355025
279152620 -648830343 -1365315707 -839130548 412495156 829107009 -1154839265 -523717837 -1160409769 348395775 1129933975 1380877577
2061907207 -179705849 -651432965 -854840328 29326388 734751894 -79546594 888733071 -664607129 245739521 32085724 -55735331 598094017
-397186151 991469522 -116519142 -1478724388 -398553060 631519616 -692342211 -1890489340 -544552893 -610010611 692586416 268974751 785460306 1686759105
-1137103085 -237609230 -1269295430 283745785 -511788587 -962023593 622375402 -429235875 -1067921968 824558169 -18965025 -155643549 -510527651 -79164300 -146845710
1350822471 1165947853 397193254 -903745063 43560084 -1387966979 109221869 -1452915547 -200321558 585928612 -846525732 1279612348 -974614764 -275931584 443935138 720592105
90250884 -841263068 -329827600 677097347 68129567 -139447845 -451031507 1191777597 1593320095 -404778566 -669614195 201459363 -110581123 -646206270 651491018 -404217895 -1249671254
924352325 -1107984459 1016799177 866676452 101752465 -307878336 601194705 -829233201 -68386000 800045768 -745690079 474770176 -915592466 347845633 998940077 1652813225 -1140158916 -1261568351
263042656 -944476477 729767600 1850690905 -180550149 638781364 -302808810 1255309955 -500251453 565669807 -60353285 10897229 -28291974 -20594586 -612172838 -2816832 -296822154 -1506777595 -638945744
272780658 -1192684273 -1666771245 620934114 -278565796 1861130975 325494863 188036205 -126224394 -992008822 807237855 -9398763 -883210064 1462359668 54540839 1036563386 -817210511 -186452170 649989283 -1269563403
-1533329511 -720001178 -609411974 1376609831 72297201 -738250387 1118164675 -285930462 955770788 954352987 -154164644 -114345158 -611341043 -151076788 -1690741703 -418062969 -560804124 154305733 -478001933 730365763 946029964
-740387952 -676274572 -1146532318 -205508171 -317329456 1029847983 828125440 762317999 -1590599577 -155085279 210840464 -548221942 333263804 -703517357 -718476847 -713284347 -804065573 344259819 -1139072622 -549735808 -607360212 862609990
880342636 547693582 -361489768 1294400823 -145450096 570221697 978738065 566823129 -937747002 -1689885808 365063261 -326240376 -50974055 -1314635847 495229654 1229478474 -704874620 -139877044 -1019240773 -1398075483 418116097 1386715741 965849728
-460458974 1063236958 447833815 883951761 -261315841 524962092 -1008524007 43098007 -544340386 -2030018910 476055123 -219650367 -1384108374 394921925 -577521010 1040745606 -222412742 16151279 -8920349 -683601243 619148012 -348466099 -1726949885 399877427
1711301950 -1037259985 -141214992 -210858430 -386097371 370574388 324178040 -1363019092 1391106869 1419057193 -285878251 -1388163195 796374091 210588182 -1471056159 929641333 728697431 211857775 -136424720 1312937479 -1202732326 -32297147 -275119428 88729831 -7201281
1111763423 -503303618 279495432 -1198461278 -855048181 530153740 -1466602395 -215020616 577760342 642006804 58037492 -746156080 402678284 -112412300 118698576 398589079 582006197 -283916402 129340793 -1102863515 -231661291 271135945 1005284527 811845617 316955418 -107115546
27
1389643851
-226625788 466002327
841017077 1135684501 1522186533
391028723 -1301508407 -735364009 -785406579
-538767640 315723829 384924742 -296065453 -86021113
-836453916 -497174873 290757293 -159016417 969609721 -377381000
598754970 -188692923 1060921698 301478727 913727810 -454481450 1835865764
-968531589 1159132176 -75685416 495093808 1152768003 -1068057864 -429699747 -2073891709
-1405315658 -1641996044 259102005 262808078 289433026 -557347468 -1824659241 -714024989 -1055166635
1216664713 214162161 260108651 -253922752 631907767 195445875 78485188 246978725 1997526984 -22373610
-452862734 881549110 -69045085 -735066551 231037905 -1281639824 259408025 -681298169 522698259 1075458423 -769489052
-516966268 36935906 53381786 -251660153 494739859 -435425518 754189719 1229991841 -239902256 -381748619 282728831 -1106365451
-576989254 1522310741 107802951 834223297 -637901659 1692705832 -695343801 -615863906 -213206713 2125137900 -710240467 -276170536 21462197
1069064036 -1469891717 385723274 277013070 -1536999453 -309679471 894132210 -1123514353 -1393572454 -587183750 863337119 31997202 8664523 2047022489
-898084164 433791195 1267349050 1467950222 -19920017 -474023834 -1785885550 831326782 540924669 -1807074397 -931955865 -313360145 1000701713 -424729620 1943398624
168383656 331422626 -818041928 -127751289 737679345 970866822 1013508049 1734910367 -126552737 1586780598 -1001384085 -424804141 1135519415 418287560 -634984379 -662007204
1156628453 161349749 1099815755 1495822033 118262986 1997832918 -1352602729 859554276 -1190953724 1719994122 1466000757 128887303 359220014 -1354535929 -1349525849 -1576219198 1882524281
1232504540 -1019999444 715397853 311746658 -1535254774 -526317601 -17542088 -1703762245 -1050777508 -166048611 647371086 293123582 -747780930 685702102 499031943 -1002913902 -446402912 771200145
-242176024 320149072 863150175 -971741344 -372555875 -1484158312 160843558 -577885239 367218302 105895483 221876538 -1006832607 -602126997 -225415824 1049105523 -793361653 -1190221596 -2062965468 -1432743574
205530364 1029020984 657193141 1110732094 223544332 -789694173 -1003538264 -1548665285 -106829160 1037261513 254136065 139584336 -1347096403 -225447143 -1143681654 -572364687 -81906102 -1346045726 939526150 139757911
-305949258 -1704186027 -254084229 -1013758195 1832396191 1791256130 -1374287524 683327912 157929937 -110538774 59801891 554904715 1483086006 -1352724899 -893692903 -45514425 200189473 733599654 -1158596793 -5265559 -1790713924
-90186274 371832703 -1203924164 510935761 317062498 -73749131 -353680041 -479683567 368499732 488432590 1342065249 34794951 299020282 -63667743 373786400 11746817 -1452107364 -619960215 545147730 -135202797 1330231205 -842232000
-1059981268 -950020048 -306340765 -1244179083 273645776 -968105257 -1605679796 -543302262 -787896584 836292648 147583741 -10340190 -347961869 1685864860 -1463842373 479706814 -366579492 310703232 1422323770 -477336835 -449119771 -102513967 -231688683
627593302 51640771 1554451297 413732126 450952859 -1594394516 -415116373 146024876 -776317884 -164417032 -308722504 -1529024781 558560259 -535485843 -139650021 -420043207 107539899 -942115770 -1059961904 856253914 1689107061 1433273727 -645883696 917878916
1853319064 -301416443 122902797 1239597039 -738884423 -277699960 547767781 -134681458 1128649722 -296020291 -387913322 -1122940788 789597067 -400307038 517286927 -199498483 -1072024319 -145800516 1225371117 1468935503 1073684634 1376442146 613621738 1245840984 -2066282865
-301086110 49427758 1195248431 -330004981 89567647 91519819 113709682 -439816616 843031350 1102685350 -237326412 -680245316 -266952970 -642480378 -917195943 -122264741 -995177361 -690974978 721924663 -524891002 -154843945 616587148 67064348 -1860109232 246763342 101248887
993298738 -1402463392 49828587 -783753084 -1605849487 -171597621 -1202952436 -24756005 356876137 295533132 365130840 -123920664 781782238 426069978 -276088116 300557120 -288345724 -1620771049 1058889720 -577696964 292133883 -1142640322 499870334 -1761279098 1099256234 -1106965180 1568153808
28
-134870708
-225226603 -507255915
-811428334 -1027471745 835004390
-91228367 63235169 -471643886 1115477289
-350420902 723675599 -74331963 1163784362 -1186461243
-2006978688 603640878 155720078 -99977848 -583903460 2018501081
-311817350 -1485321664 499273377 -280369409 -113456842 -165632510 932905824
379492678 1783029237 606318025 134900434 -1489073008 -709054276 1515300853 -1254607587
1241154759 926009132 -79604774 -13341273 1576615600 313745 1584581668 964043261 1756951883
981836924 -867440652 -1441738328 1288837832 132295602 -1040259036 530886914 -49749693 46913177 268404194
1049879126 -1460695913 -43596630 649616690 -907744868 244950536 38649079 -214228312 -1487460351 112583080 -2043131535
-619255401 -31359885 1240240627 -843793184 -875528019 -1312795102 -852869776 -1237675796 311180092 1342955426 340691688 -1148497862
-1050906690 392641123 349864024 1097302102 142177292 -174481864 1066260405 -320739670 220889710 -157156811 -1591776454 -948849932 -1785718168
-1610188356 -1747092236 794304925 241637670 -69489372 1608142274 -62282764 813978760 -128005734 -764911991 161412419 225122819 37429194 -1359289846
-402419924 -1793794532 29514039 -1397051253 -1519373505 -30438911 -488699398 705574953 -1752479662 -247778077 -1028583167 -662865294 -918982879 -302175 -148455665
-924862521 946963833 -1043624933 -158150262 215315013 -871089746 -1737900994 -377423514 1733186995 1236734861 262685655 1270990550 889802146 751889918 151954589 49403579
279666861 1867559565 862682221 -1506162034 -16679586 119896050 532014964 -1065060421 918147472 169155992 962072976 -1109301933 -595921894 -506935073 1138803931 11638222 642502333
210246248 -159513888 -29890395 -734104893 282998078 -818843990 1403412361 277665981 126993846 552267941 -584851917 766805422 -652258249 552520753 -646963352 1842234912 1074282454 243456175
-561721737 -134377927 423865952 3229566 -1727560306 796008453 -422551934 154771249 719224740 248848038 -440350653 -162102888 101366277 511895901 -1092355481 1040308359 999330029 -1320971650 1284173247
-808434760 1260668605 1819681008 724342484 1604971771 432468222 1860455706 -433079679 -1100381240 207801970 -272782361 -969611976 -793473085 412991218 -887121283 -232965573 455396529 -571592314 -1724878310 -870899176
482105335 1019783106 137051088 661650817 1131092081 764644150 1841224403 -1907431113 -400303315 1051379087 1317514485 1407875452 130780588 721613397 520129653 -747303219 -1254847526 -1251809268 258031238 -1736618542 39703859
-594079689 -326523107 620355676 765693639 -277372675 149572651 626684821 -270931263 -453248255 -264535531 -266647122 -1109181008 -865130803 -595396919 -192284576 119195226 1878948555 515513425 71899896 693609588 -750189154 525455629
775596569 1135597110 1452713520 1414570164 130881003 539942565 -1186526189 -688425260 484023030 1915468272 -783112021 -990459651 -555149388 316242947 -493237455 676363681 -532372063 -1721627070 497194241 -368883663 93720538 -488695103 -1325927614
-197667732 -1657178634 76957446 -356768175 449639929 421776465 -649123425 25812868 78931375 522566673 712176414 59426924 -758182026 870530551 -158227985 -403642133 -475334291 769975252 76896979 -1730250490 -233451790 -836232796 -440809955 -2099048223
-570877227 132496224 -1667772780 -132262959 100621603 -313048199 -40830195 -183414869 931013939 -101101269 -252866480 -1755927640 1288814413 1809986297 1534785717 554617578 1050994545 181623222 -1264736606 -855116768 167847786 718894209 204651363 1191624861 -2068496065
-1685732115 816510348 1081733333 1658371693 -1066465533 -39032296 -1769281148 -997334259 -1827254888 -596368935 -806978052 -242741243 853687848 303700960 -1047484134 216101320 1075793690 -877932875 -409406286 1236719531 -111110964 -799356479 702640790 1436515608 -355539548 1070397883
1657048091 -802922974 -24353006 572073710 416645208 372023302 90692963 1003811863 385653949 111868360 486372084 403252001 -1524969923 -1159943111 514757658 -295438828 -373156917 2023276115 836217340 855211535 -1716021245 -276683261 267136072 -961608493 328679205 -404314686 746636234
90128501 143470670 -511855519 -528970601 303240041 -230721865 797355602 1138784549 510317879 -1211153260 441763288 -323262913 -1013899391 -824173825 507034370 451155524 158885467 915008861 -526669475 1390904513 102434120 -939374378 -947602175 -1574646579 930543716 -74157625 1100288127 2122456121
29
-1082764638
257392067 -2132126191
-903632247 724836910 -334224817
538478218 -64345915 -641632753 1463971865
1759257963 -1626987027 -1385441655 -133130089 1776429011
639830623 892102884 161428105 21949138 -558078969 -1303145586
1028992189 -1403747039 -301956565 -881799314 -656277615 35307858 -1808421923
883313782 -958923400 71572286 601086507 760320765 638606693 65381279 -1296386369
1340290255 52137346 -454686834 1674150647 330494308 -185015709 258920733 -1758017370 2095305769
1221560168 702487164 -922740688 -699781009 -1423407678 1351509554 -837984861 629131325 -48632984 1838416728
1267487177 -415013705 964639035 -1348708823 248191088 1306679915 -382932714 1951757196 -2024386596 -547975780 1245702531
270389846 -801360143 -181019462 84010040 -556669926 -1059853185 -927766354 418306891 996113934 111845235 -194563032 -2078583975
-5992474 -769131483 71162513 -239575152 180570965 -1538957177 -691284266 1174768701 1660175875 457695682 302458753 4140274 -1972020184
1222760957 359275957 -1043082448 -657416799 -1562970811 -1193147921 1388964240 1245729986 -487786434 261835916 134564929 -977268979 189147103 721736552
588820549 1821498094 17325897 -553949672 625850407 -107203072 -98678155 145794103 -372851251 -444428203 810432507 -1917433588 -602114700 -196578626 1281493292
16443780 901416216 434762254 391763137 1493204415 291217467 -277715621 -412400931 1335827976 1782199221 -204927287 1772254396 -853227574 -222469613 258625125 951520527
40416882 -1401614154 1025422994 -47639629 1803335183 -223142462 -960736012 -1705144964 200967914 -387220419 386163170 328011678 -1190597952 -1241810030 589482629 208868777 -1576719050
241427494 -1112532539 1161420519 -2746754 1033906161 -312511383 1164772032 -735445636 80536177 -964976881 885535021 152742603 -581071158 -1355723464 -919678344 37324027 1457552799 -179705069
-311974458 -853505265 108083503 478749192 -266279685 -785261284 -92609230 -1693204529 -855235902 -1923844530 203222345 -481611192 -827878071 -1013673551 -401295400 382117834 200934979 -1175974507 366996522
-1863796971 803641385 -1129884441 275589894 755390201 -455873069 -531286321 195092117 -206857413 -384920563 -1486036740 119252627 657010173 527075914 -891771271 -319751202 -959967630 1051877529 -622258542 1611750087
-1753652532 -1497701341 1186502994 -23704321 -116657693 -438006453 1346670799 494203772 445858676 451909473 874015035 -113080484 1265723070 497114667 1315107446 146813251 1315439233 164976810 -372947047 -458647972 -2083297069
151553935 -293826099 1593563685 -1094561327 -264434108 224304993 691167539 1977270212 -1085826464 -1371505170 -839263729 1189828645 -1284001067 -115218625 451741842 323632964 1531653249 36422504 341552705 1286553691 -519755502 403553667
438382115 508268029 799408209 403707864 -884212749 353030766 201181856 1171244805 -1867625843 293455212 635562319 410609339 500246445 -1513270114 1740722363 1310102624 -530193994 1427261503 1207270899 -626863777 384043129 -289533083 1558824842
-225074304 -547710707 -495842632 974767282 660519675 -658865582 -372452569 640149149 1122750722 -1251954204 -132654921 1781890703 416247945 -890322813 71746000 -1104289912 96578566 -77447219 -17533975 487964929 72144553 -392151552 -689575405 -1569685836
-526715662 -439411898 -150698162 -1866985661 1185747379 266308969 -208201160 -179616262 61867080 234710085 -1427351820 -1279227007 -93711065 -158718703 -157932274 448705430 -216940967 -1311484428 -106432523 -1027506045 736425776 897479080 -1078874467 -1217845292 946769499
202825506 -95936975 158774149 -387836949 590423473 1332859170 1032413890 -104784075 355008630 -1797687156 -1157564209 -900079727 -503142421 -924410900 -1280086809 1282981966 33801562 -648336066 -1953088872 -735121622 -887636944 1833277147 -1859656392 -699208671 -334872226 1792803207
302975971 -217184849 -562142681 1203726189 1045168040 1122366895 1036694090 341368542 1520888104 99051433 -681066618 -632793523 627395679 -308912013 -169114807 -560600421 334707195 -199253948 -259868758 -233905147 25992414 -1911185699 -1461010243 -165280493 970077891 -11260392 472366628
1427953712 -387909321 1094864631 462078274 -1686344006 702397896 1502564286 509656420 429287649 1688243039 429133516 453012520 -1369277129 -797138226 -112032770 506124024 968658387 -522881574 745523055 -943235051 -51614171 -530532305 199079665 241171194 -1932030858 -1296715026 437554767 1894432014
-66898498 -1268188221 462712099 -1213047854 -993024658 324241389 -1148482810 68143141 -892310192 291730445 -414037733 75975034 -833947246 -619884254 -706625366 1557784164 62934062 713991474 -2063146063 1218801454 -376276921 -828852563 512567004 297020172 1162679751 517439234 -475014346 -1167378431 1740433450
