30
1
1419402624
2
1020426361 1342605524
1342605524 -1936270329
3
1251643271 -1376212268 -57724211
-1376212268 1170734090 1431929402
-57724211 1431929402 -1800931485
4
-291964989 936349222 675587727 988389417
936349222 -1599409666 -480510548 187717743
675587727 -480510548 -1099629896 1061902023
988389417 187717743 1061902023 411378984
5
-73862701 -889771288 833211752 -1117083769 188342196
-889771288 -1788241515 -135679945 719762626 1055918120
833211752 -135679945 2022646781 1054771566 175421649
-1117083769 719762626 1054771566 1164825971 59575226
188342196 1055918120 175421649 59575226 -557318328
6
-175606074 -185915324 556545881 -103194764 -1524081379 697692826
-185915324 1156578401 1194574208 1339990015 726195952 680353864
556545881 1194574208 701065764 647916411 254371964 1063355602
-103194764 1339990015 647916411 -394161506 498303094 732432611
-1524081379 726195952 254371964 498303094 191597598 -167376081
697692826 680353864 1063355602 732432611 -167376081 1098538868
7
-451111021 901403055 -367200484 -214895860 -1159274982 161715765 745438222
901403055 -956827403 -1610066710 -1492068369 -318725057 1061669649 -138494521
-367200484 -1610066710 -2020266577 1142965215 367697592 1843952687 -675806682
-214895860 -1492068369 1142965215 -1870992948 265451187 -48489233 377928043
-1159274982 -318725057 367697592 265451187 -74821118 -282215662 -403640901
161715765 1061669649 1843952687 -48489233 -282215662 557413919 887096517
745438222 -138494521 -675806682 377928043 -403640901 887096517 81069667
8
-1735019772 -584242160 -1534878238 733780143 927050325 -459665704 -1840834158 552885664
-584242160 1226161670 -686363348 914018438 492626883 -238111783 -471090380 519675929
-1534878238 -686363348 1151297775 1145625682 -30379989 -1514913942 -439952650 820663858
733780143 914018438 1145625682 -2134119895 749263998 949042195 1942476560 1637162003
927050325 492626883 -30379989 749263998 84338885 -1791185322 132925146 574744114
-459665704 -238111783 -1514913942 949042195 -1791185322 1514557131 579869314 699836874
-1840834158 -471090380 -439952650 1942476560 132925146 579869314 -1011127270 413983458
552885664 519675929 820663858 1637162003 574744114 699836874 413983458 -171093397
9
1730977555 -222427082 -84182502 910226981 1305498419 -993665839 1444366030 1928548659 415755198
-222427082 -636017607 -56093026 -882095350 -10368871 -307859302 771889624 -1873660696 918706758
-84182502 -56093026 1400872171 1184640865 -6689075 -1575402821 205720287 415293001 -938743987
910226981 -882095350 1184640865 -1059755415 963247033 608977549 -714307390 -953330099 491564353
1305498419 -10368871 -6689075 963247033 1326268009 -443086408 -466786116 -1694012925 -32778233
-993665839 -307859302 -1575402821 608977549 -443086408 -1622179033 654460004 57893244 -383338058
1444366030 771889624 205720287 -714307390 -466786116 654460004 1034500642 586921570 12999391
1928548659 -1873660696 415293001 -953330099 -1694012925 57893244 586921570 1329652790 -935613282
415755198 918706758 -938743987 491564353 -32778233 -383338058 12999391 -935613282 -1845463418
10
794280138 1411783760 98914441 -278234168 -135762224 5108220 134945369 -2039626140 280896315 -106922929
1411783760 1106240842 375333199 1635909033 1269987454 -77579887 -227037309 -1059142377 -1277325327 -1731654436
98914441 375333199 -1446858598 -1303838272 1081922180 1025748516 -505939797 1473431138 294014225 924884099
-278234168 1635909033 -1303838272 -554049652 -315563778 -1244804521 -894366006 -426716503 261701912 656987062
-135762224 1269987454 1081922180 -315563778 -2003650983 -586144475 -895882047 814097639 214180132 1612529649
5108220 -77579887 1025748516 -1244804521 -586144475 1074756670 -1640782099 -1557656583 594755101 -207727463
134945369 -227037309 -505939797 -894366006 -895882047 -1640782099 695255093 -1239035543 -179847751 -221822174
-2039626140 -1059142377 1473431138 -426716503 814097639 -1557656583 -1239035543 1954138062 -44865122 508684661
280896315 -1277325327 294014225 261701912 214180132 594755101 -179847751 -44865122 1185431119 15785454
-106922929 -1731654436 924884099 656987062 1612529649 -207727463 -221822174 508684661 15785454 1886949459
11
494756106 757984711 715360872 987920142 -187802374 -838976174 -931517140 -1860115036 -2018237322 -390368357 73224095
757984711 1201843497 -803020424 -235850100 -1059911592 20461458 563377488 -115048883 -740061753 945796318 1461648414
715360872 -803020424 2121108383 1061370729 153974750 1434498895 695047210 -175410818 1911152493 -645175033 1034276025
987920142 -235850100 1061370729 81259729 -941727406 9362940 1671329481 -138216762 1564382003 219354184 15221813
-187802374 -1059911592 153974750 -941727406 198653127 -1081637366 256692588 -545025391 574212007 125691784 986535730
-838976174 20461458 1434498895 9362940 -1081637366 389976105 -670479690 702190471 -139730354 1626465360 -894057732
-931517140 563377488 695047210 1671329481 256692588 -670479690 988763429 1613295047 -1543403344 -111750805 1868407482
-1860115036 -115048883 -175410818 -138216762 -545025391 702190471 1613295047 -1350620068 -653410261 -641396163 1291224621
-2018237322 -740061753 1911152493 1564382003 574212007 -139730354 -1543403344 -653410261 851698869 218927287 832607752
-390368357 945796318 -645175033 219354184 125691784 1626465360 -111750805 -641396163 218927287 1438448320 -167782121
73224095 1461648414 1034276025 15221813 986535730 -894057732 1868407482 1291224621 832607752 -167782121 1247881960
12
-1121369497 1748475258 24039122 1850063703 -348982097 -733957251 -1094852252 -392334859 351600832 -841474760 -883101022 459902956
1748475258 -1440570968 173238860 -746001684 -1180756581 -476617427 23775988 1171564792 1178942971 674850171 1006136350 -1223174963
24039122 173238860 -1657390795 -328904069 149398053 -1189216140 523087533 418324906 571472138 -1435701202 -154889989 454478648
1850063703 -746001684 -328904069 -1163638982 248914774 458153831 -101900315 468239642 -632583400 1575078906 -727250855 -47348192
-348982097 -1180756581 149398053 248914774 -798665223 229418597 -1166227098 242934306 811802988 -35824365 -190266862 152421450
-733957251 -476617427 -1189216140 458153831 229418597 -895511964 -254057128 -796374649 -1053232246 1646757602 -977138276 1061587091
-1094852252 23775988 523087533 -101900315 -1166227098 -254057128 1571640113 576996241 493295368 -35221877 -622337793 -425445981
-392334859 1171564792 418324906 468239642 242934306 -796374649 576996241 1637743523 -1719021512 -615428823 563992952 -950742942
351600832 1178942971 571472138 -632583400 811802988 -1053232246 493295368 -1719021512 -1422873834 -389542111 -1188280753 799874568
-841474760 674850171 -1435701202 1575078906 -35824365 1646757602 -35221877 -615428823 -389542111 -1952503823 -1171800779 -1610241767
-883101022 1006136350 -154889989 -727250855 -190266862 -977138276 -622337793 563992952 -1188280753 -1171800779 -1563536110 -964355725
459902956 -1223174963 454478648 -47348192 152421450 1061587091 -425445981 -950742942 799874568 -1610241767 -964355725 -579622753
13
-2006496423 -892982161 1745532436 -434193687 -341244699 874943647 1146523957 397723479 368549838 -398602830 -419799192 -733505113 691552445
-892982161 72722243 -477394430 -51295307 -308631390 42564058 -354148054 -1891270782 129454358 54248808 507304225 274413164 -191131644
1745532436 -477394430 1305179016 -1371004292 1884394063 -417104391 -103956498 -555416770 -1217371453 1783687311 -1068039661 -730111906 1164071934
-434193687 -51295307 -1371004292 1159730784 -1060383429 -1147064690 -108719355 546414716 970296117 -1268123532 392764880 230759800 645727346
-341244699 -308631390 1884394063 -1060383429 2028236494 113129283 220976497 553021348 118275727 -242943333 -1050742455 1077344079 -231288539
874943647 42564058 -417104391 -1147064690 113129283 -1962306318 -1361432383 903501114 1498582194 1377305969 1275803925 -341887889 -1001940539
1146523957 -354148054 -103956498 -108719355 220976497 -1361432383 -1024219607 -72144755 620003828 -1910040580 -30890175 -1597473038 1066707467
397723479 -1891270782 -555416770 546414716 553021348 903501114 -72144755 1002666338 399972050 -134285561 811209666 -1990591943 -700559665
368549838 129454358 -1217371453 970296117 118275727 1498582194 620003828 399972050 1328619812 377073979 -401422730 -305103942 807899221
-398602830 54248808 1783687311 -1268123532 -242943333 1377305969 -1910040580 -134285561 377073979 -812197611 704665236 -453853905 285798016
-419799192 507304225 -1068039661 392764880 -1050742455 1275803925 -30890175 811209666 -401422730 704665236 -1292251609 -884555906 428201088
-733505113 274413164 -730111906 230759800 1077344079 -341887889 -1597473038 -1990591943 -305103942 -453853905 -884555906 -656566846 -999482661
691552445 -191131644 1164071934 645727346 -231288539 -1001940539 1066707467 -700559665 807899221 285798016 428201088 -999482661 1934821324
14
-765532412 -18581516 -58921682 -599250532 1538069556 370442971 340477909 133396510 -34124104 -1354033270 -1990023528 123759149 623943312 -344813324
-18581516 815755026 1440268947 1353495667 -979988004 1345100691 -1210289842 -641066954 418992234 -316373543 -213609160 -187182763 181952443 141554220
-58921682 1440268947 -862045197 -1461334339 -417478585 -4289516 524969661 683733552 1116231041 456462578 -868621001 -52324299 -1156560109 1224674333
-599250532 1353495667 -1461334339 -1966645871 -1006582238 -1137846101 387772074 157268429 428344385 -158515203 643445731 -165100878 24721470 -1123624185
1538069556 -979988004 -417478585 -1006582238 1661723893 230586844 1743136465 675396927 197875489 -1485868157 557780682 30091208 289937415 384208708
370442971 1345100691 -4289516 -1137846101 230586844 -877615909 885538590 1511927211 365283500 1093843824 1316350496 142458559 641394864 -364832493
340477909 -1210289842 524969661 387772074 1743136465 885538590 -689804879 -89601659 -134841120 -284293965 1473871035 -1172021179 763541005 987144509
133396510 -641066954 683733552 157268429 675396927 1511927211 -89601659 -1832511173 -319236814 524511719 566086411 -310064260 -1324978539 529698479
-34124104 418992234 1116231041 428344385 197875489 365283500 -134841120 -319236814 103620840 -311714916 137434277 -1216169007 -853396621 965658739
-1354033270 -316373543 456462578 -158515203 -1485868157 1093843824 -284293965 524511719 -311714916 2058543304 -201414350 -73099879 -183074659 -748988505
-1990023528 -213609160 -868621001 643445731 557780682 1316350496 1473871035 566086411 137434277 -201414350 -1535376283 -24095962 -334307615 -1402243369
123759149 -187182763 -52324299 -165100878 30091208 142458559 -1172021179 -310064260 -1216169007 -73099879 -24095962 1763988124 312853023 111983364
623943312 181952443 -1156560109 24721470 289937415 641394864 763541005 -1324978539 -853396621 -183074659 -334307615 312853023 1750558421 -1215336900
-344813324 141554220 1224674333 -1123624185 384208708 -364832493 987144509 529698479 965658739 -748988505 -1402243369 111983364 -1215336900 -2005192028
15
1538033809 -292444008 -459255782 -280424723 -491114613 115695030 -586566230 -1205610190 1419111462 1141476994 -924748822 1547070265 464244281 307270208 -233082054
-292444008 -1465504279 -128254707 302911884 843029929 -803631699 418839414 983840139 -1577501728 -520300312 -605004925 1388634252 137135079 351696733 -494596605
-459255782 -128254707 -129656820 -666707950 628169386 -1581350715 -1337855566 83734589 268269311 -990210259 1606912942 807937381 961460564 -1039809136 -788161813
-280424723 302911884 -666707950 -1888957023 229547959 826737828 1289583246 1027836475 318264316 11120422 134820596 -1106901990 67212393 78725518 443154741
-491114613 843029929 628169386 229547959 -828090593 -598931642 679202631 576159396 -942276851 -673889069 -165131378 115372810 -569174274 -922929867 906623858
115695030 -803631699 -1581350715 826737828 -598931642 51564548 -1110524126 -1161872595 -458904586 457374586 -434780719 430044021 183002713 597146117 -391481477
-586566230 418839414 -1337855566 1289583246 679202631 -1110524126 1713256825 1286339718 12486378 -257726141 1757195057 -309992524 -1863675796 1099618969 985256626
-1205610190 983840139 83734589 1027836475 576159396 -1161872595 1286339718 1260852615 -1585518903 -22684381 -628778768 669936848 214635884 647868106 1484013024
1419111462 -1577501728 268269311 318264316 -942276851 -458904586 12486378 -1585518903 -794089360 347584275 -1034924060 -1741547662 -1478869440 -737621189 442072641
1141476994 -520300312 -990210259 11120422 -673889069 457374586 -257726141 -22684381 347584275 -1422400444 -327159989 802510124 -47028864 655206969 562119430
-924748822 -605004925 1606912942 134820596 -165131378 -434780719 1757195057 -628778768 -1034924060 -327159989 -66650868 722898704 -228610360 401719725 1280392401
1547070265 1388634252 807937381 -1106901990 115372810 430044021 -309992524 669936848 -1741547662 802510124 722898704 -1674669097 -728499969 1027330810 1370241817
464244281 137135079 961460564 67212393 -569174274 183002713 -1863675796 214635884 -1478869440 -47028864 -228610360 -728499969 1797048421 1132789268 969225408
307270208 351696733 -1039809136 78725518 -922929867 597146117 1099618969 647868106 -737621189 655206969 401719725 1027330810 1132789268 -1309810688 122684896
-233082054 -494596605 -788161813 443154741 906623858 -391481477 985256626 1484013024 442072641 562119430 1280392401 1370241817 969225408 122684896 -1096024883
16
778060940 756256512 -885178872 640945455 -1947521947 -2519121 -622592358 -462452368 614896519 -6485690 -472852797 -981660174 -189114923 -58258962 285306569 -1331788711
756256512 1224907408 -74220732 -550868216 278076368 -308532824 651850078 -1367069569 -431899010 728391620 81957081 -1022862910 -470951193 1405961582 -1655865127 -382063871
-885178872 -74220732 55513864 807768763 1107610043 1185194184 585458532 310073221 365147767 -1173335858 -1492838063 645112567 -671459685 -392180296 -609138873 17235392
640945455 -550868216 807768763 -736461674 -478304140 368796185 -1484966351 301855646 -946798918 898825335 356277665 1119026763 563144994 359661089 -1082916100 -397658803
-1947521947 278076368 1107610043 -478304140 -1150788618 1441425950 42799664 920556588 -295040605 -384068054 668594182 148194120 -446809540 23217630 60687922 4822968
-2519121 -308532824 1185194184 368796185 1441425950 1332010394 336537959 -337668689 545434034 -1199700972 -1288799531 338895519 -1522791727 1465432710 740028380 -449304295
-622592358 651850078 585458532 -1484966351 42799664 336537959 1219746159 -442344751 -101484596 -392809068 81738892 -164260709 49212287 925379866 435538047 -890126801
-462452368 -1367069569 310073221 301855646 920556588 -337668689 -442344751 -1917156214 101654403 -238536305 -114367311 -1980039250 160630686 644509711 -1556733806 542602978
614896519 -431899010 365147767 -946798918 -295040605 545434034 -101484596 101654403 3946346 491753378 710736931 -1896966118 -1560857811 1446790143 612642566 1853998874
-6485690 728391620 -1173335858 898825335 -384068054 -1199700972 -392809068 -238536305 491753378 -380710016 29116878 534394184 -182147890 -641659250 467150418 41919210
-472852797 81957081 -1492838063 356277665 668594182 -1288799531 81738892 -114367311 710736931 29116878 186920782 -730211671 -849484871 -1481809193 -1151122117 -412405406
-981660174 -1022862910 645112567 1119026763 148194120 338895519 -164260709 -1980039250 -1896966118 534394184 -730211671 698728426 148677227 183822864 -531363612 37607372
-189114923 -470951193 -671459685 563144994 -446809540 -1522791727 49212287 160630686 -1560857811 -182147890 -849484871 148677227 -390644117 1502582301 -765330421 735536471
-58258962 1405961582 -392180296 359661089 23217630 1465432710 925379866 644509711 1446790143 -641659250 -1481809193 183822864 1502582301 1237530936 808101760 -12641533
285306569 -1655865127 -609138873 -1082916100 60687922 740028380 435538047 -1556733806 612642566 467150418 -1151122117 -531363612 -765330421 808101760 29005435 -1398410820
-1331788711 -382063871 17235392 -397658803 4822968 -449304295 -890126801 542602978 1853998874 41919210 -412405406 37607372 735536471 -12641533 -1398410820 328238915
17
-1568813819 -194154310 -145098792 -1318541503 -1771797514 549247551 -321031937 -1313280655 1068455577 -391948439 -1093295272 -596013703 -242037855 531638744 64185663 135155497 -383770868
-194154310 1559757920 1330021958 6559710 -1112600176 25491252 -557429921 -181529647 1238061129 -711894550 -429442617 818426831 -880321794 -407693100 -744815809 -343735793 1101502327
-145098792 1330021958 1777580617 -66958042 1092428999 336422880 1330485428 1138592197 899723867 -292521442 -1771265602 751544248 -376712833 181864981 -126392398 -509395597 155888807
-1318541503 6559710 -66958042 -1723502384 126871118 1137004986 -1888801089 -597641453 -5503989 -743980598 1732788061 1076652452 -709755372 89954136 -434607687 -219183937 -39036256
-1771797514 -1112600176 1092428999 126871118 -1027996296 -100327639 -88124375 -108112940 1130861151 -321273993 86309480 28356959 -775248886 -942193327 1017791624 1295646617 280907600
549247551 25491252 336422880 1137004986 -100327639 -1996683945 387069739 -1152361407 -1540855354 -887213649 -141411968 -1348308646 -544865805 859102334 259136314 -110023613 293735537
-321031937 -557429921 1330485428 -1888801089 -88124375 387069739 754012935 -543070981 -319779877 997761529 385627411 -484625175 1194454794 -1739400555 1393744438 -188327838 32695031
-1313280655 -181529647 1138592197 -597641453 -108112940 -1152361407 -543070981 -1881871583 -1338748481 -1090479259 -1340660739 1395691254 1389982656 822677230 -222238887 -964480203 1398888051
1068455577 1238061129 899723867 -5503989 1130861151 -1540855354 -319779877 -1338748481 58641341 -1227698153 -1258744217 479699276 130486936 161083517 -416483318 824507637 -364423762
-391948439 -711894550 -292521442 -743980598 -321273993 -887213649 997761529 -1090479259 -1227698153 -706362362 -350785183 334583907 928879740 651044278 502727562 -1367265038 1219910576
-1093295272 -429442617 -1771265602 1732788061 86309480 -141411968 385627411 -1340660739 -1258744217 -350785183 -142664776 -77326158 -1085649415 184411298 412651732 337585055 -620567567
-596013703 818426831 751544248 1076652452 28356959 -1348308646 -484625175 1395691254 479699276 334583907 -77326158 1830169833 -680500435 1164141894 1434638113 1160448379 795323428
-242037855 -880321794 -376712833 -709755372 -775248886 -544865805 1194454794 1389982656 130486936 928879740 -1085649415 -680500435 1838237722 -109917677 286304499 -1102846571 582014937
531638744 -407693100 181864981 89954136 -942193327 859102334 -1739400555 822677230 161083517 651044278 184411298 1164141894 -109917677 259831803 258794700 -758546473 -338479129
64185663 -744815809 -126392398 -434607687 1017791624 259136314 1393744438 -222238887 -416483318 502727562 412651732 1434638113 286304499 258794700 1998675239 -1112220940 -1481714386
135155497 -343735793 -509395597 -219183937 1295646617 -110023613 -188327838 -964480203 824507637 -1367265038 337585055 1160448379 -1102846571 -758546473 -1112220940 414338235 -1567583855
-383770868 1101502327 155888807 -39036256 280907600 293735537 32695031 1398888051 -364423762 1219910576 -620567567 795323428 582014937 -338479129 -1481714386 -1567583855 -946984856
18
1899472621 1055579689 -533824804 -1434077733 -1169392460 230927183 1513197073 1231141417 -667375957 -460143206 -1118808810 -137446572 1899886400 -1601760796 195105519 -468209380 -52439900 853329781
1055579689 456015669 -1133896113 1030959493 377874177 982373644 -1297689041 957454945 -344123395 1296867453 365704637 517542975 83251633 -145781540 31375243 1037076237 265855343 -315123815
-533824804 -1133896113 1065370559 900493322 1282950526 377660155 1153319506 -1790756545 -1902463503 -395179583 563315093 1146935143 203273061 -437565518 -309117089 1186199332 578040414 -239021524
-1434077733 1030959493 900493322 651203304 297036780 -817317672 -1970860352 33206023 680485821 1698522597 129622429 -1340267502 782273848 976794183 405886701 494967694 129349823 -317143735
-1169392460 377874177 1282950526 297036780 -817205429 -10311385 -1015164114 286515803 503160200 758080729 693898357 244902748 1183193002 -489047465 1691255759 120655481 -54026281 -108706202
230927183 982373644 377660155 -817317672 -10311385 2048365920 835935478 -862842193 -288825944 -542176293 -82964134 1426878146 -388507070 -53587826 81508241 30105133 -522475661 541544449
1513197073 -1297689041 1153319506 -1970860352 -1015164114 835935478 -784617143 1262652753 509278372 351809402 -1283574591 -11054971 387852113 676026940 -950919598 -313125464 -440127265 -658420433
1231141417 957454945 -1790756545 33206023 286515803 -862842193 1262652753 167537783 514121945 -96795986 1211838510 -1362637960 -914359471 12235537 -26421772 1086989591 617951019 602434011
-667375957 -344123395 -1902463503 680485821 503160200 -288825944 509278372 514121945 -1586088281 -1171750532 -102050001 1395659227 784825696 629844506 -807343642 -523029167 -148410197 -807088739
-460143206 1296867453 -395179583 1698522597 758080729 -542176293 351809402 -96795986 -1171750532 1081294338 -1378207983 1126572893 -141474471 1135814826 -944104938 702525802 -249162891 614711820
-1118808810 365704637 563315093 129622429 693898357 -82964134 -1283574591 1211838510 -102050001 -1378207983 1058301043 932853560 -845533189 689088152 1050299878 -1001080330 -546345486 221137141
-137446572 517542975 1146935143 -1340267502 244902748 1426878146 -11054971 -1362637960 1395659227 1126572893 932853560 1320549412 476088491 33323321 -51912706 214365059 1098810588 -838054523
1899886400 83251633 203273061 782273848 1183193002 -388507070 387852113 -914359471 784825696 -141474471 -845533189 476088491 -1722611344 -364416138 1365947849 -354848036 -86258608 447299664
-1601760796 -145781540 -437565518 976794183 -489047465 -53587826 676026940 12235537 629844506 1135814826 689088152 33323321 -364416138 661940349 -305529289 837367818 55446405 -1246045863
195105519 31375243 -309117089 405886701 1691255759 81508241 -950919598 -26421772 -807343642 -944104938 1050299878 -51912706 1365947849 -305529289 1760938688 -1394920655 1107580393 -294157599
-468209380 1037076237 1186199332 494967694 120655481 30105133 -313125464 1086989591 -523029167 702525802 -1001080330 214365059 -354848036 837367818 -1394920655 1608436436 1037113190 -56125135
-52439900 265855343 578040414 129349823 -54026281 -522475661 -440127265 617951019 -148410197 -249162891 -546345486 1098810588 -86258608 55446405 1107580393 1037113190 940969774 -761204556
853329781 -315123815 -239021524 -317143735 -108706202 541544449 -658420433 602434011 -807088739 614711820 221137141 -838054523 447299664 -1246045863 -294157599 -56125135 -761204556 1995014042
19
-1180017814 742908571 932807454 -149303697 -1948207223 552967688 249039561 -175709587 -372404515 1122166527 -76489477 -846199886 852173104 370903679 -562663488 -643285868 -148436909 -328659993 339980721
742908571 117315831 -887229202 872160798 139153067 -1260626866 -662264432 -931883169 -535751492 -205160447 -101386850 684004466 1378143741 1317786433 -502031533 738795306 -282289571 147573757 -371009958
932807454 -887229202 -1247289771 -1159407399 17181239 -1385529249 824242945 1107189611 -686321357 -1198262796 -860864538 1075796774 -673696529 37326051 397473204 -1226081186 743878029 850866899 468175337
-149303697 872160798 -1159407399 -1275372838 -734577483 -1918539841 1176765776 177899563 -660719595 -802761393 1703590759 1349748784 442010659 -770026597 -982459002 -272531670 307198861 389512328 -705455643
-1948207223 139153067 17181239 -734577483 -2042106852 -514355880 1557720201 -703393350 875713364 1521863498 1147170033 -555508449 486854159 1499343314 682284487 -194305746 1682919757 640050464 1260317561
552967688 -1260626866 -1385529249 -1918539841 -514355880 272349170 -647091831 815477088 1341830546 -581177363 -524236754 -50637658 -268666351 293386646 -513186439 949970932 701959736 568107231 -120178073
249039561 -662264432 824242945 1176765776 1557720201 -647091831 -1067202405 452748403 1581983 -393237408 862370378 311863607 19679748 -267977173 -493654005 1124847809 -354325209 -300294877 -1685891967
-175709587 -931883169 1107189611 177899563 -703393350 815477088 452748403 -1985889316 -30245431 -529714156 109875211 -865782074 -224898333 1391953765 -600211290 -154001751 1264925585 -449757195 -1860532809
-372404515 -535751492 -686321357 -660719595 875713364 1341830546 1581983 -30245431 1180104618 377834908 177678983 984582263 1307733160 1360872583 -408769558 377869072 -969321370 1729516299 -1456882615
1122166527 -205160447 -1198262796 -802761393 1521863498 -581177363 -393237408 -529714156 377834908 1077620260 177144927 1215934468 1112930180 -234318110 1717086254 -535748937 -893882438 -1778025269 1852783218
-76489477 -101386850 -860864538 1703590759 1147170033 -524236754 862370378 109875211 177678983 177144927 200327224 526927388 -1772217889 974084007 -821868004 -426074511 -547784281 158630441 -4825227
-846199886 684004466 1075796774 1349748784 -555508449 -50637658 311863607 -865782074 984582263 1215934468 526927388 -1313928227 -849379847 -66043495 948270625 -756163914 -170580820 -109568668 1187729819
852173104 1378143741 -673696529 442010659 486854159 -268666351 19679748 -224898333 1307733160 1112930180 -1772217889 -849379847 -1040132967 510452193 -1120677185 -335047448 -590214004 108006931 -1103449784
370903679 1317786433 37326051 -770026597 1499343314 293386646 -267977173 1391953765 1360872583 -234318110 974084007 -66043495 510452193 1870864246 -565924907 -472558061 8209135 -737927227 -48967398
-562663488 -502031533 397473204 -982459002 682284487 -513186439 -493654005 -600211290 -408769558 1717086254 -821868004 948270625 -1120677185 -565924907 710575141 156371610 -682098267 -663201110 1284501330
-643285868 738795306 -1226081186 -272531670 -194305746 949970932 1124847809 -154001751 377869072 -535748937 -426074511 -756163914 -335047448 -472558061 156371610 -1522434490 -206618123 -893440568 -1700981424
-148436909 -282289571 743878029 307198861 1682919757 701959736 -354325209 1264925585 -969321370 -893882438 -547784281 -170580820 -590214004 8209135 -682098267 -206618123 -946855692 239123563 -22670208
-328659993 147573757 850866899 389512328 640050464 568107231 -300294877 -449757195 1729516299 -1778025269 158630441 -109568668 108006931 -737927227 -663201110 -893440568 239123563 -807172234 300972733
339980721 -371009958 468175337 -705455643 1260317561 -120178073 -1685891967 -1860532809 -1456882615 1852783218 -4825227 1187729819 -1103449784 -48967398 1284501330 -1700981424 -22670208 300972733 -1937985290
20
170290225 899843649 1293634298 -43702097 -1053296345 204503667 -1777680356 -171395098 -694202723 1814904387 987496123 -850000859 -747137763 435292090 -404616975 -802157852 560559739 -447560401 -1137887334 322205346
899843649 1916472021 -106997017 689328910 -964336274 1299284840 -1157332195 919911186 -228543784 -1436901425 -641002929 -563894830 657521764 982802220 115415635 -518447934 700193600 85005978 -683285523 -785615065
1293634298 -106997017 -1202274714 1116692589 524358842 960678450 -697896886 -1515133253 40409478 -1504040319 -1073241618 606849231 726257119 -1135707782 -341347584 -24684575 -1585215947 273032090 280069029 1326782818
-43702097 689328910 1116692589 680321940 350866929 -1058686053 -507409274 1409404072 -660714946 239873252 -392458474 -596401462 25259607 1215057657 1198689483 -463581366 -1959160877 1186952169 -735458027 1405659449
-1053296345 -964336274 524358842 350866929 -2103052831 868205876 254829029 -374020163 1812016799 -1496950167 -855161308 207920170 839296259 720168615 27177852 -380860270 -1221052872 1719616079 -477895152 767659281
204503667 1299284840 960678450 -1058686053 868205876 -74701644 -805928536 662911362 260106643 1336319264 -885089709 -823859699 425991260 -676719805 -1219075830 428433082 544583657 -1668395786 195783229 -121237996
-1777680356 -1157332195 -697896886 -507409274 254829029 -805928536 -1841101145 1401687891 732854358 -612591305 337248020 -164574342 1590790418 -1703599546 -649347785 -218658480 1825215864 -469047567 -133584010 64189135
-171395098 919911186 -1515133253 1409404072 -374020163 662911362 1401687891 1365367755 -433317851 -694683444 512836008 342945756 1249970162 234074004 -114621372 -1143441918 1749690397 1414783075 280857112 335694827
-694202723 -228543784 40409478 -660714946 1812016799 260106643 732854358 -433317851 -1139970314 302102348 -829939434 -125223062 -810101001 98930480 -569910705 -484916178 -255872473 566469672 646627436 -456903478
1814904387 -1436901425 -1504040319 239873252 -1496950167 1336319264 -612591305 -694683444 302102348 -1726009474 571186566 802990898 -737781500 1744537359 531709580 -923058170 -841034275 777769713 -1512409873 -6294051
987496123 -641002929 -1073241618 -392458474 -855161308 -885089709 337248020 512836008 -829939434 571186566 1744385808 132326371 -1628600221 -433675293 -1534972065 -146877740 -9806475 -9325467 -261111992 493276890
-850000859 -563894830 606849231 -596401462 207920170 -823859699 -164574342 342945756 -125223062 802990898 132326371 64470723 37787304 10079450 -408698067 -789269289 -574826673 -678286662 410884510 -1411109458
-747137763 657521764 726257119 25259607 839296259 425991260 1590790418 1249970162 -810101001 -737781500 -1628600221 37787304 -868049607 1314001423 917986912 -700955380 706088907 -1531544811 339584025 681041845
435292090 982802220 -1135707782 1215057657 720168615 -676719805 -1703599546 234074004 98930480 1744537359 -433675293 10079450 1314001423 -493939513 -82529016 -1082678001 -122267447 1031228119 702691533 557482993
-404616975 115415635 -341347584 1198689483 27177852 -1219075830 -649347785 -114621372 -569910705 531709580 -1534972065 -408698067 917986912 -82529016 1614165802 580588966 17267280 -342420246 -956931802 -1048221790
-802157852 -518447934 -24684575 -463581366 -380860270 428433082 -218658480 -1143441918 -484916178 -923058170 -146877740 -789269289 -700955380 -1082678001 580588966 -487156243 -1033415693 334015451 -710231821 -931378214
560559739 700193600 -1585215947 -1959160877 -1221052872 544583657 1825215864 1749690397 -255872473 -841034275 -9806475 -574826673 706088907 -122267447 17267280 -1033415693 288682994 -1029656186 -111176711 733136354
-447560401 85005978 273032090 1186952169 1719616079 -1668395786 -469047567 1414783075 566469672 777769713 -9325467 -678286662 -1531544811 1031228119 -342420246 334015451 -1029656186 -1220675740 -926689466 -1426640631
-1137887334 -683285523 280069029 -735458027 -477895152 195783229 -133584010 280857112 646627436 -1512409873 -261111992 410884510 339584025 702691533 -956931802 -710231821 -111176711 -926689466 771258291 559700583
322205346 -785615065 1326782818 1405659449 767659281 -121237996 64189135 335694827 -456903478 -6294051 493276890 -1411109458 681041845 557482993 -1048221790 -931378214 733136354 -1426640631 559700583 -1485202360
21
-1367727088 -452186097 660208088 265929330 -117723998 -660690147 -777173565 186385744 1735668629 -340861746 -989971467 294249872 -1139247560 158954813 -1532769767 1680891528 591932809 -35055719 1527299979 -1072610572 -1185308212
-452186097 1839487026 -1952233909 1368319664 -1414177236 319360366 1112774947 741470117 -103704254 -872147588 -1751244174 -266226576 1174312212 -1088125421 756248737 972697801 723236987 1955566490 -623349510 -1862782637 1278057042
660208088 -1952233909 504762456 -589106703 -475484595 -931790913 1205829181 -1489322982 650264400 -454273813 148101230 1113759796 386862566 237196161 110749230 -743663251 1127702352 -1046597813 445492184 -84933862 -1545875905
265929330 1368319664 -589106703 1016337674 -68217222 -1647454155 -1097185035 -310088616 7416422 24247884 -42781930 -768708856 1194110105 1797154711 -434891213 -1577950846 825663267 1065617533 1022844617 116064950 -1158450328
-117723998 -1414177236 -475484595 -68217222 -1672594199 164415232 -573386778 -861498815 -51517302 -714693043 502342073 637850924 251418550 190944970 -364549222 1989496613 -632762162 -52866815 240796746 708764337 910633863
-660690147 319360366 -931790913 -1647454155 164415232 -861900397 -1042017482 1528920380 379029036 814170912 -433507372 -480847260 -810975331 -264306933 198427530 -476198967 -1395680623 -1041389516 1356128247 -1384478447 -392530643
-777173565 1112774947 1205829181 -1097185035 -573386778 -1042017482 667950483 268075351 611431239 1646769849 -1095679969 543826293 -95277416 29544636 924335083 -738953341 992252433 488774981 -1137354023 887913406 483397544
186385744 741470117 -1489322982 -310088616 -861498815 1528920380 268075351 -1149793970 -844781535 1254639942 -996937698 -944926917 -152893640 -141714502 -1626767075 -182417906 898582382 1553344738 -795434873 668788300 -658241280
1735668629 -103704254 650264400 7416422 -51517302 379029036 611431239 -844781535 -1539482032 -738800043 1188053674 -1457069869 1113908294 1126822380 -1072065131 -260653275 -81213391 377432345 -244198210 -1624823012 329524478
-340861746 -872147588 -454273813 24247884 -714693043 814170912 1646769849 1254639942 -738800043 739659626 810603212 -397923298 -1686712554 -782027103 -601980811 1056713765 542114596 -80349584 -1132106799 294312536 1503729452
-989971467 -1751244174 148101230 -42781930 502342073 -433507372 -1095679969 -996937698 1188053674 810603212 1930908190 -220283135 27191518 188386805 -920348539 -1059962311 1213340779 -1226849886 -808264517 -318818644 1036216167
294249872 -266226576 1113759796 -768708856 637850924 -480847260 543826293 -944926917 -1457069869 -397923298 -220283135 2101333413 -848560951 -243794046 1202232928 101370296 -959474735 -1864599729 877724954 1382720876 -1251766270
-1139247560 1174312212 386862566 1194110105 251418550 -810975331 -95277416 -152893640 1113908294 -1686712554 27191518 -848560951 1464659605 -1166164129 -1494398213 530840017 -1076747400 1332021372 -505969921 50408410 -583196513
158954813 -1088125421 237196161 1797154711 190944970 -264306933 29544636 -141714502 1126822380 -782027103 188386805 -243794046 -1166164129 -890375154 629193195 292238987 541058890 560141209 -1459748187 594814466 -1927286569
-1532769767 756248737 110749230 -434891213 -364549222 198427530 924335083 -1626767075 -1072065131 -601980811 -920348539 1202232928 -1494398213 629193195 385282258 419377782 -30798689 285557544 760773647 525749436 130271973
1680891528 972697801 -743663251 -1577950846 1989496613 -476198967 -738953341 -182417906 -260653275 1056713765 -1059962311 101370296 530840017 292238987 419377782 80932993 1607823708 179181522 186650166 -597927676 -341169478
591932809 723236987 1127702352 825663267 -632762162 -1395680623 992252433 898582382 -81213391 542114596 1213340779 -959474735 -1076747400 541058890 -30798689 1607823708 8558913 730888909 1285620650 -1419436730 565804691
-35055719 1955566490 -1046597813 1065617533 -52866815 -1041389516 488774981 1553344738 377432345 -80349584 -1226849886 -1864599729 1332021372 560141209 285557544 179181522 730888909 -904250286 181885960 -176322205 336694407
1527299979 -623349510 445492184 1022844617 240796746 1356128247 -1137354023 -795434873 -244198210 -1132106799 -808264517 877724954 -505969921 -1459748187 760773647 186650166 1285620650 181885960 1941327104 424643071 1312948258
-1072610572 -1862782637 -84933862 116064950 708764337 -1384478447 887913406 668788300 -1624823012 294312536 -318818644 1382720876 50408410 594814466 525749436 -597927676 -1419436730 -176322205 424643071 373306810 -627522002
-1185308212 1278057042 -1545875905 -1158450328 910633863 -392530643 483397544 -658241280 329524478 1503729452 1036216167 -1251766270 -583196513 -1927286569 130271973 -341169478 565804691 336694407 1312948258 -627522002 1513781311
22
1475031373 -1208037801 -129595221 1336648593 1443792080 321402814 -52073267 -220679369 428102156 -1932015486 -1212946768 -489539543 325934467 -597082687 -41873900 1277554426 1041990520 1519726703 -328066908 107297126 465527450 427351430
-1208037801 -847596814 203990093 -266001786 34880700 -853068309 -265916803 -104773420 1198073557 1275335692 -312655654 -1433679002 157594378 -680225710 -1010385789 260316597 -1321155934 245344776 -495843195 -1095376060 750501744 -956680955
-129595221 203990093 227870709 944495508 -682609578 -1011968952 -29041770 -884203169 -623237599 1283072253 149709245 547159249 -1138383235 1563935083 -509641576 325769560 105907104 -1023971955 -1005188683 -52110210 164881614 236627635
1336648593 -266001786 944495508 -393784120 13625212 -740368353 -127816769 88766979 1313126306 1582930283 1729513005 679393417 -1379119028 -940537580 1656803910 -270296110 -1619373494 1430610173 -208363527 1270518084 -1031936132 -427851474
1443792080 34880700 -682609578 13625212 -631044016 109437039 -1016127093 53601663 755086449 1042669866 1743265145 1896842046 -837074518 1419529709 -1261349620 -945765322 -431913163 777945134 955056337 1004008271 1350754726 1049611040
321402814 -853068309 -1011968952 -740368353 109437039 1235380184 -277526441 -913615696 524434103 -1671796274 694946672 1098064147 -208855080 975161132 619808923 434894610 691757646 1948147374 465959739 -10434414 -1578393995 -977363662
-52073267 -265916803 -29041770 -127816769 -1016127093 -277526441 -1170943145 -13716339 -1002398211 -569813119 1415579689 202923531 861009731 -248887712 81528574 -99797226 958715208 -17130118 -958649775 1181609473 -1264278323 565595884
-220679369 -104773420 -884203169 88766979 53601663 -913615696 -13716339 -1558013498 955776650 1326512418 128532586 806403098 -91546843 463491984 19014112 -2119656116 853776445 -673290855 -1461643466 141182400 613393815 -571679905
428102156 1198073557 -623237599 1313126306 755086449 524434103 -1002398211 955776650 -1867115009 -109126552 1850193679 -969672085 -938289831 -90733039 155317620 -363923771 -173324359 -705426651 1277839788 -1769107176 -1671564875 -200139933
-1932015486 1275335692 1283072253 1582930283 1042669866 -1671796274 -569813119 1326512418 -109126552 -460883598 597595184 -1546396119 -43160877 -629152946 -236682292 1213500079 -331243317 -12901470 -1260667608 -159277921 813573814 -826073523
-1212946768 -312655654 149709245 1729513005 1743265145 694946672 1415579689 128532586 1850193679 597595184 393854262 1357563170 840015964 -1186887557 119387438 -111945089 -1631096797 -1670090533 -907077485 -301456098 -660090326 1232261150
-489539543 -1433679002 547159249 679393417 1896842046 1098064147 202923531 806403098 -969672085 -1546396119 1357563170 1886438653 -413326753 1373369426 25946228 -268288786 -1543420336 619362194 1741820637 -536171672 -1743403142 687710465
325934467 157594378 -1138383235 -1379119028 -837074518 -208855080 861009731 -91546843 -938289831 -43160877 840015964 -413326753 1422944600 418388940 -974841583 -626104311 -1419273272 1575424773 685914416 -372163399 -1536447262 434819094
-597082687 -680225710 1563935083 -940537580 1419529709 975161132 -248887712 463491984 -90733039 -629152946 -1186887557 1373369426 418388940 1882758239 -421517684 -197724610 56502425 132833096 -193981212 466220255 -647207137 -733318003
-41873900 -1010385789 -509641576 1656803910 -1261349620 619808923 81528574 19014112 155317620 -236682292 119387438 25946228 -974841583 -421517684 36297920 -216268063 -612921390 507369370 -249265786 -437169962 -42987859 -1538658139
1277554426 260316597 325769560 -270296110 -945765322 434894610 -99797226 -2119656116 -363923771 1213500079 -111945089 -268288786 -626104311 -197724610 -216268063 -1918954446 -1140368716 -295815651 389286736 1468904053 80500099 858238371
1041990520 -1321155934 105907104 -1619373494 -431913163 691757646 958715208 853776445 -173324359 -331243317 -1631096797 -1543420336 -1419273272 56502425 -612921390 -1140368716 988377498 349194334 -301366643 288120909 117577096 -116772125
1519726703 245344776 -1023971955 1430610173 777945134 1948147374 -17130118 -673290855 -705426651 -12901470 -1670090533 619362194 1575424773 132833096 507369370 -295815651 349194334 1507179692 578035197 -1173732159 124108267 -1279598862
-328066908 -495843195 -1005188683 -208363527 955056337 465959739 -958649775 -1461643466 1277839788 -1260667608 -907077485 1741820637 685914416 -193981212 -249265786 389286736 -301366643 578035197 1705031128 761312172 472929981 -1154956435
107297126 -1095376060 -52110210 1270518084 1004008271 -10434414 1181609473 141182400 -1769107176 -159277921 -301456098 -536171672 -372163399 466220255 -437169962 1468904053 288120909 -1173732159 761312172 -1054041011 71260685 -1212157656
465527450 750501744 164881614 -1031936132 1350754726 -1578393995 -1264278323 613393815 -1671564875 813573814 -660090326 -1743403142 -1536447262 -647207137 -42987859 80500099 117577096 124108267 472929981 71260685 1531252172 1393643422
427351430 -956680955 236627635 -427851474 1049611040 -977363662 565595884 -571679905 -200139933 -826073523 1232261150 687710465 434819094 -733318003 -1538658139 858238371 -116772125 -1279598862 -1154956435 -1212157656 1393643422 1762111231
23
1325609169 -455141042 -33255041 -194912454 9284014 1824053711 -157600438 -299708019 1872036655 -206653105 -905473335 -875807755 -1297655428 -1331892203 207757808 -1356384307 116257727 604306753 852512364 482871523 15008881 1269642351 236877563
-455141042 -1651187776 940253511 -511612725 360585473 -889669906 -1077598338 -89887111 198558059 1425987663 -719169960 299241051 1334629313 1310867227 50909227 -1593346 1655703438 885369216 -955776905 737481786 -1071333413 -1260616415 316773020
-33255041 940253511 1675569631 703781440 -468346339 1060592678 971754183 878486531 -940788939 -151735561 -232450163 -590389386 96290865 -102044370 -592911635 384619652 163967683 -1162503473 -29844110 492022159 704409851 -1115543170 -151369844
-194912454 -511612725 703781440 -1111144584 -797631780 -73971460 789211663 -1927775647 -20546284 985069601 -1367839421 88257467 1270263433 1705255567 242195645 -225617679 2082498870 139842084 -1148999675 11935640 -1092393710 -1203752708 -1300937337
9284014 360585473 -468346339 -797631780 -1065912689 -1149699543 1594501482 493041175 -242614698 -82237856 1202282660 -1046603509 -335997900 859026395 712495745 547783666 954495115 158745767 -1106381290 245320329 -133212754 638445540 1450676161
1824053711 -889669906 1060592678 -73971460 -1149699543 451460383 -342919370 1355275614 -257946081 -1212392996 -1593505752 -577460158 -146207418 92799782 570515174 386703956 1585145916 -946598814 -530979349 -86309556 -1478176170 -1425668032 -216870717
-157600438 -1077598338 971754183 789211663 1594501482 -342919370 202244021 -1562270263 -1124974521 -1245565102 718485312 468407392 -308521487 1123749772 482260587 1143842003 -68168078 262917455 -1687309868 -1273100489 -628498270 327846254 -166364072
-299708019 -89887111 878486531 -1927775647 493041175 1355275614 -1562270263 1076224524 -858923535 -678159022 -434695959 -1250447238 -1195121970 -570774303 489818860 831207907 1220812343 387776973 -954006209 198598157 1590759901 1447840785 13391945
1872036655 198558059 -940788939 -20546284 -242614698 -257946081 -1124974521 -858923535 -1527632996 -1065099529 -971947844 1788825261 -493467351 774568134 726748090 415306162 -562692785 13770274 688497421 -760711898 324112126 -4775586 31040219
-206653105 1425987663 -151735561 985069601 -82237856 -1212392996 -1245565102 -678159022 -1065099529 2078830029 628961087 -341672916 -843273089 -474173424 -1891971327 1121815704 364944839 -227599343 706585332 1076171065 -446410210 -1207904518 -105882123
-905473335 -719169960 -232450163 -1367839421 1202282660 -1593505752 718485312 -434695959 -971947844 628961087 1645897320 419998904 98451417 -453331978 581616505 909461387 -127331865 -496319087 1218521810 -706213286 750627015 -1094052507 1358086740
-875807755 299241051 -590389386 88257467 -1046603509 -577460158 468407392 -1250447238 1788825261 -341672916 419998904 562272349 -1155594479 801900143 191819328 -657604308 -134126772 870234849 -109087475 1124427504 587145446 599680399 1358549637
-1297655428 1334629313 96290865 1270263433 -335997900 -146207418 -308521487 -1195121970 -493467351 -843273089 98451417 -1155594479 -1633406095 -4894051 25294641 -1108335146 524300640 -55102868 1350601346 -102052847 -61397513 -935443137 -100174052
-1331892203 1310867227 -102044370 1705255567 859026395 92799782 1123749772 -570774303 774568134 -474173424 -453331978 801900143 -4894051 -1540610394 587314642 682701553 -374887540 -491017428 -1082859196 581880407 -123261556 777410742 -1386497672
207757808 50909227 -592911635 242195645 712495745 570515174 482260587 489818860 726748090 -1891971327 581616505 191819328 25294641 587314642 1817663800 -358439716 -1067417210 -1950855784 -535486254 132617003 -285027122 -1370099854 -1054612202
-1356384307 -1593346 384619652 -225617679 547783666 386703956 1143842003 831207907 415306162 1121815704 909461387 -657604308 -1108335146 682701553 -358439716 -1782962018 482219176 -367098436 -360876607 599115080 -1507179667 423241354 727765445
116257727 1655703438 163967683 2082498870 954495115 1585145916 -68168078 1220812343 -562692785 364944839 -127331865 -134126772 524300640 -374887540 -1067417210 482219176 -278799501 -283304168 756737382 -110850541 -1849942042 400349893 -208598393
604306753 885369216 -1162503473 139842084 158745767 -946598814 262917455 387776973 13770274 -227599343 -496319087 870234849 -55102868 -491017428 -1950855784 -367098436 -283304168 542797997 -966850789 1128645277 321906237 -275233498 -693190761
852512364 -955776905 -29844110 -1148999675 -1106381290 -530979349 -1687309868 -954006209 688497421 706585332 1218521810 -109087475 1350601346 -1082859196 -535486254 -360876607 756737382 -966850789 1474586840 290162181 610055554 -132323921 177937743
482871523 737481786 492022159 11935640 245320329 -86309556 -1273100489 198598157 -760711898 1076171065 -706213286 1124427504 -102052847 581880407 132617003 599115080 -110850541 1128645277 290162181 -1148176051 1232822511 -254402937 -650013782
15008881 -1071333413 704409851 -1092393710 -133212754 -1478176170 -628498270 1590759901 324112126 -446410210 750627015 587145446 -61397513 -123261556 -285027122 -1507179667 -1849942042 321906237 610055554 1232822511 -950002912 -1065495036 647735324
1269642351 -1260616415 -1115543170 -1203752708 638445540 -1425668032 327846254 1447840785 -4775586 -1207904518 -1094052507 599680399 -935443137 777410742 -1370099854 423241354 400349893 -275233498 -132323921 -254402937 -1065495036 -445692974 304369789
236877563 316773020 -151369844 -1300937337 1450676161 -216870717 -166364072 13391945 31040219 -105882123 1358086740 1358549637 -100174052 -1386497672 -1054612202 727765445 -208598393 -693190761 177937743 -650013782 647735324 304369789 1565233369
24
364089484 -100641519 -911776131 464864636 355114858 1187744665 11189962 738327994 -800620320 43861863 -1298709849 83870179 340225429 471812296 640389383 -689989718 266408443 -548404577 -71392722 -148201581 -626146689 -531502236 973509887 -657668051
-100641519 1331276361 -853117447 1533771861 1187441547 -337077694 -781929062 787173073 -1120830124 -1443371681 -1408927358 -1044602640 -875324418 971415119 1497155093 -898398394 -1007697837 -1047598971 781935440 -368705772 -362729153 -101052571 638159473 -517463097
-911776131 -853117447 -1469297079 879168583 877593554 97541006 309787784 244409715 -1166558115 1023208763 628593568 492938043 -297901490 -199391055 1002040060 -1034970304 -398228644 -1699645158 -121840803 912528088 -12959700 494475533 698532814 605896041
464864636 1533771861 879168583 -441086704 1111378371 456711979 203169708 -68087049 981859967 1590523688 -1080719947 427853093 -1328697572 -2083165725 1671163446 133770832 -92116213 1319396049 -1313005820 -544581672 240567687 -1405602969 165735660 494847289
355114858 1187441547 877593554 1111378371 893947748 949279288 1249397157 785154958 -102203658 -621874302 468936729 -73817333 -1138902998 -346162757 41983505 -1014379719 -147513957 -191845815 621188396 -1101319671 835785416 1510440130 -113063339 -83492704
1187744665 -337077694 97541006 456711979 949279288 -340283401 -1873838346 578974130 20989540 519396914 -718412566 1381332649 -1600024789 -44676977 -21145199 174560863 -903672572 942490689 -696376952 -1129126291 -1658372330 -292805696 1344488877 -449041543
11189962 -781929062 309787784 203169708 1249397157 -1873838346 1650938278 840360118 -1900683401 280870893 184038116 1239058708 -627279792 -1015070171 847248922 -69519946 -1053759172 372216971 -1078469860 1767519943 -310418488 1598610200 498328693 -497364123
738327994 787173073 244409715 -68087049 785154958 578974130 840360118 -353161805 -235065547 918073477 156085544 -40529586 902511068 1092321134 -5741221 891244443 1190320895 806407356 819743135 -1759927055 167868026 -479687099 -798508814 35882373
-800620320 -1120830124 -1166558115 981859967 -102203658 20989540 -1900683401 -235065547 69361193 -1011693044 628670056 -517932582 1839616565 -1784266012 525599116 -1541656282 86206289 62062870 -1023239813 328729951 178941979 171523553 1568859818 112330875
43861863 -1443371681 1023208763 1590523688 -621874302 519396914 280870893 918073477 -1011693044 -602308400 509807950 -643629814 839366422 -1510456080 -1336183585 -425446421 838123283 -1995352815 -439441901 941125924 -681599243 -218523536 -30962086 654871638
-1298709849 -1408927358 628593568 -1080719947 468936729 -718412566 184038116 156085544 628670056 509807950 -960763344 -302902545 -332815790 -303243599 9641793 -632780299 229574172 -1240192951 -942179643 -1038549124 -1181467530 -83518698 -956987247 1040535318
83870179 -1044602640 492938043 427853093 -73817333 1381332649 1239058708 -40529586 -517932582 -643629814 -302902545 534268349 908225453 217715967 -419020956 380478380 -288364775 539867075 372989618 649355427 -292673126 -34610170 176321774 -711095915
340225429 -875324418 -297901490 -1328697572 -1138902998 -1600024789 -627279792 902511068 1839616565 839366422 -332815790 908225453 -848849187 -1461163047 -675713251 145213818 131799701 1213230333 136127874 -1659289819 -439561780 -374642868 934836329 131091356
471812296 971415119 -199391055 -2083165725 -346162757 -44676977 -1015070171 1092321134 -1784266012 -1510456080 -303243599 217715967 -1461163047 675096388 171435644 92555734 -627761157 -1219302661 -653534014 665865277 -1232074119 -1343238933 1785873784 1192359851
640389383 1497155093 1002040060 1671163446 41983505 -21145199 847248922 -5741221 525599116 -1336183585 9641793 -419020956 -675713251 171435644 814394876 -763942627 -468835144 -120290515 1733460902 -604351906 -738716456 296816848 -1749932778 -1368445596
-689989718 -898398394 -1034970304 133770832 -1014379719 174560863 -69519946 891244443 -1541656282 -425446421 -632780299 380478380 145213818 92555734 -763942627 -724797548 74146126 635021197 522921241 -15271386 627786899 -436375019 -457485467 -868270739
266408443 -1007697837 -398228644 -92116213 -147513957 -903672572 -1053759172 1190320895 86206289 838123283 229574172 -288364775 131799701 -627761157 -468835144 74146126 -1601127495 18667417 590876007 -1528591510 -605332829 15962772 150301465 829957693
-548404577 -1047598971 -1699645158 1319396049 -191845815 942490689 372216971 806407356 62062870 -1995352815 -1240192951 539867075 1213230333 -1219302661 -120290515 635021197 18667417 1958593050 1683767089 -1849375261 -1984680729 -1300541018 -889400889 -533667090
-71392722 781935440 -121840803 -1313005820 621188396 -696376952 -1078469860 819743135 -1023239813 -439441901 -942179643 372989618 136127874 -653534014 1733460902 522921241 590876007 1683767089 -1519815209 1357926697 1881449942 1289112348 303696849 682113015
-148201581 -368705772 912528088 -544581672 -1101319671 -1129126291 1767519943 -1759927055 328729951 941125924 -1038549124 649355427 -1659289819 665865277 -604351906 -15271386 -1528591510 -1849375261 1357926697 710075256 393375460 163105394 -1055821611 924378355
-626146689 -362729153 -12959700 240567687 835785416 -1658372330 -310418488 167868026 178941979 -681599243 -1181467530 -292673126 -439561780 -1232074119 -738716456 627786899 -605332829 -1984680729 1881449942 393375460 -249029261 133981489 -692283061 91011438
-531502236 -101052571 494475533 -1405602969 1510440130 -292805696 1598610200 -479687099 171523553 -218523536 -83518698 -34610170 -374642868 -1343238933 296816848 -436375019 15962772 -1300541018 1289112348 163105394 133981489 1587861546 -196221810 -177349400
973509887 638159473 698532814 165735660 -113063339 1344488877 498328693 -798508814 1568859818 -30962086 -956987247 176321774 934836329 1785873784 -1749932778 -457485467 150301465 -889400889 303696849 -1055821611 -692283061 -196221810 1777521353 -939111666
-657668051 -517463097 605896041 494847289 -83492704 -449041543 -497364123 35882373 112330875 654871638 1040535318 -711095915 131091356 1192359851 -1368445596 -868270739 829957693 -533667090 682113015 924378355 91011438 -177349400 -939111666 -697081444
25
118169719 -934600136 -458501012 -599246367 -215089778 -157702348 573659115 108020655 43261216 -418353025 73942692 1020193835 -1050951700 1220575103 18940002 93297719 -2005842 -1369580467 225959178 1073131212 1396716187 417016774 -666208378 -179481292 -905171183
-934600136 -436471637 -132088768 753709196 866248124 537779091 574833662 1102374249 -695364965 -1291426719 1565647819 -1291041998 -1424860648 162579534 518805537 384882351 -534628306 1534300600 717223764 607476405 -1082555875 -633959899 98500404 80195263 432706090
-458501012 -132088768 -1482291366 -197025392 -1861479476 -310007633 -422863914 479240689 1876212735 -345324758 1095633677 3654703 -1767892659 -325175419 -136346764 -356357206 -918043988 -760585742 -108508037 -166233645 383621739 -622278686 -1160395437 440310463 -58069237
-599246367 753709196 -197025392 1049139616 476809058 18643535 1535830305 -863482531 33310152 -296739146 -95392911 1412207297 -857057497 983193227 -1243076117 44981686 -924236745 -560799525 1465787001 386767177 781274139 -314888296 -267204733 1232516833 1888392912
-215089778 866248124 -1861479476 476809058 241379776 1134267851 1612597350 -867053764 525427995 895119052 430394887 818398308 964917297 -536649694 1891573460 403366252 314141209 -1117977478 699409179 -1188350914 -98246331 215127334 -787471578 360155630 -161375487
-157702348 537779091 -310007633 18643535 1134267851 -1930665874 1093772109 567750002 -1287655826 263966746 1375325387 -133448464 169395664 -665623574 -940720529 815479394 146336507 572342544 1234662096 -1365314069 1085707398 -1149151175 168026127 -224719957 -542121983
573659115 574833662 -422863914 1535830305 1612597350 1093772109 356106047 1054959264 -886088815 -1956060523 307972636 -1486289899 -459843448 575721322 -1354618055 -469900143 350624690 90630396 14296035 -829220879 -872481607 1047543846 1102817798 1295471945 920666963
108020655 1102374249 479240689 -863482531 -867053764 567750002 1054959264 -323020536 290911223 -1681983483 -594676182 1057528608 -1121183183 -1254716146 473602288 651540573 -1458513555 279346045 -118216206 333620952 -1310716157 -1519817313 1735266364 -271033988 338321329
43261216 -695364965 1876212735 33310152 525427995 -1287655826 -886088815 290911223 257438829 934106398 -49337626 -500931541 -763412161 1284235806 1416898288 116874151 694697161 101415223 57608887 -378721076 -182724499 1300603625 -352190212 87997859 117685993
-418353025 -1291426719 -345324758 -296739146 895119052 263966746 -1956060523 -1681983483 934106398 -1174360412 -573099304 465458943 -632241283 412450 -1323808844 -372105064 -1013729136 471204577 -439212664 -287494519 1269360830 -854562655 656470984 121068076 968189770
73942692 1565647819 1095633677 -95392911 430394887 1375325387 307972636 -594676182 -49337626 -573099304 -1244755691 1318215698 -399290437 -171915031 1190384055 953775683 -1742374111 -516946273 1276395915 965248472 1024934450 467301209 -497898357 10385357 419213427
1020193835 -1291041998 3654703 1412207297 818398308 -133448464 -1486289899 1057528608 -500931541 465458943 1318215698 -447430196 449729485 1471160588 1294918206 1454071258 769277198 515512930 -300519636 1502479090 -31452808 -636542156 -1502615902 989699474 -22574765
-1050951700 -1424860648 -1767892659 -857057497 964917297 169395664 -459843448 -1121183183 -763412161 -632241283 -399290437 449729485 9849774 -435827937 -477768311 1836745834 1695665225 222649861 1322055876 680734688 381151327 -1800758065 581361753 188849246 -569056055
1220575103 162579534 -325175419 983193227 -536649694 -665623574 575721322 -1254716146 1284235806 412450 -171915031 1471160588 -435827937 -107108148 -161694990 127388249 -261878490 285908781 -151574431 -722351138 -406551997 1118646230 -363723722 339377407 581975326
18940002 518805537 -136346764 -1243076117 1891573460 -940720529 -1354618055 473602288 1416898288 -1323808844 1190384055 1294918206 -477768311 -161694990 843610153 1156138243 -1525865892 979680460 544701481 699171855 -86469855 -1069912185 -1208137809 402858868 -987993509
93297719 384882351 -356357206 44981686 403366252 815479394 -469900143 651540573 116874151 -372105064 953775683 1454071258 1836745834 127388249 1156138243 -2040450743 -1079206954 473201209 475717745 -983752222 -443372441 22937574 -334944962 208331759 1457878115
-2005842 -534628306 -918043988 -924236745 314141209 146336507 350624690 -1458513555 694697161 -1013729136 -1742374111 769277198 1695665225 -261878490 -1525865892 -1079206954 1202443189 333838468 -542418368 707877709 252004777 -1043567859 -185089762 -319957644 -327384281
-1369580467 1534300600 -760585742 -560799525 -1117977478 572342544 90630396 279346045 101415223 471204577 -516946273 515512930 222649861 285908781 979680460 473201209 333838468 312885652 131333700 741872195 -90777460 344695314 921810465 -601816812 -266208300
225959178 717223764 -108508037 1465787001 699409179 1234662096 14296035 -118216206 57608887 -439212664 1276395915 -300519636 1322055876 -151574431 544701481 475717745 -542418368 131333700 1896606372 614998431 984348610 1168451122 409570642 -199405039 -826860284
1073131212 607476405 -166233645 386767177 -1188350914 -1365314069 -829220879 333620952 -378721076 -287494519 965248472 1502479090 680734688 -722351138 699171855 -983752222 707877709 741872195 614998431 1221194227 1726891102 -785418548 959407443 -213391549 908429879
1396716187 -1082555875 383621739 781274139 -98246331 1085707398 -872481607 -1310716157 -182724499 1269360830 1024934450 -31452808 381151327 -406551997 -86469855 -443372441 252004777 -90777460 984348610 1726891102 -2048233015 1860992466 1640681765 -74603470 -42991084
417016774 -633959899 -622278686 -314888296 215127334 -1149151175 1047543846 -1519817313 1300603625 -854562655 467301209 -636542156 -1800758065 1118646230 -1069912185 22937574 -1043567859 344695314 1168451122 -785418548 1860992466 -76877797 -68543248 -1995908862 -1650826854
-666208378 98500404 -1160395437 -267204733 -787471578 168026127 1102817798 1735266364 -352190212 656470984 -497898357 -1502615902 581361753 -363723722 -1208137809 -334944962 -185089762 921810465 409570642 959407443 1640681765 -68543248 -1751770491 -882201149 327066506
-179481292 80195263 440310463 1232516833 360155630 -224719957 1295471945 -271033988 87997859 121068076 10385357 989699474 188849246 339377407 402858868 208331759 -319957644 -601816812 -199405039 -213391549 -74603470 -1995908862 -882201149 800389872 -727375182
-905171183 432706090 -58069237 1888392912 -161375487 -542121983 920666963 338321329 117685993 968189770 419213427 -22574765 -569056055 581975326 -987993509 1457878115 -327384281 -266208300 -826860284 908429879 -42991084 -1650826854 327066506 -727375182 -1619396297
26
-1187900763 -1083282325 903083932 66658452 -824550676 1281484903 -79217861 -110225711 25167823 -717424349 626773413 279152620 2061907207 -397186151 -1137103085 1350822471 90250884 924352325 263042656 272780658 -1533329511 -740387952 880342636 -460458974 1711301950 1111763423
-1083282325 1001976058 -1708928302 -1603816559 1558974986 206185618 1343346183 -728721879 411832837 314645571 811648148 -648830343 -179705849 991469522 -237609230 1165947853 -841263068 -1107984459 -944476477 -1192684273 -720001178 -676274572 547693582 1063236958 -1037259985 -503303618
903083932 -1708928302 -963873600 -475488454 -791028067 335285813 973767550 -714468314 767078300 -1668986084 -1393008030 -1365315707 -651432965 -116519142 -1269295430 397193254 -329827600 1016799177 729767600 -1666771245 -609411974 -1146532318 -361489768 447833815 -141214992 279495432
66658452 -1603816559 -475488454 -1384564508 -9043342 -867720228 -48669889 844583655 978178482 1494609355 -798664253 -839130548 -854840328 -1478724388 283745785 -903745063 677097347 866676452 1850690905 620934114 1376609831 -205508171 1294400823 883951761 -210858430 -1198461278
-824550676 1558974986 -791028067 -9043342 -1727061703 -773966332 -1621940360 -1489722295 1215960095 -399311558 -1578926627 412495156 29326388 -398553060 -511788587 43560084 68129567 101752465 -180550149 -278565796 72297201 -317329456 -145450096 -261315841 -386097371 -855048181
1281484903 206185618 335285813 -867720228 -773966332 -631144769 636443887 681167014 -1212027906 580487978 -677696486 829107009 734751894 631519616 -962023593 -1387966979 -139447845 -307878336 638781364 1861130975 -738250387 1029847983 570221697 524962092 370574388 530153740
-79217861 1343346183 973767550 -48669889 -1621940360 636443887 -389732008 -1787349057 -577098000 569672270 987395094 -1154839265 -79546594 -692342211 622375402 109221869 -451031507 601194705 -302808810 325494863 1118164675 828125440 978738065 -1008524007 324178040 -1466602395
-110225711 -728721879 -714468314 844583655 -1489722295 681167014 -1787349057 576699571 906882946 -499011652 -913672786 -523717837 888733071 -1890489340 -429235875 -1452915547 1191777597 -829233201 1255309955 188036205 -285930462 762317999 566823129 43098007 -1363019092 -215020616
25167823 411832837 767078300 978178482 1215960095 -1212027906 -577098000 906882946 693009725 -1650940317 823672041 -1160409769 -664607129 -544552893 -1067921968 -200321558 1593320095 -68386000 -500251453 -126224394 955770788 -1590599577 -937747002 -544340386 1391106869 577760342
-717424349 314645571 -1668986084 1494609355 -399311558 580487978 569672270 -499011652 -1650940317 528892990 -1552146493 348395775 245739521 -610010611 824558169 585928612 -404778566 800045768 565669807 -992008822 954352987 -155085279 -1689885808 -2030018910 1419057193 642006804
626773413 811648148 -1393008030 -798664253 -1578926627 -677696486 987395094 -913672786 823672041 -1552146493 -1845355025 1129933975 32085724 692586416 -18965025 -846525732 -669614195 -745690079 -60353285 807237855 -154164644 210840464 365063261 476055123 -285878251 58037492
279152620 -648830343 -1365315707 -839130548 412495156 829107009 -1154839265 -523717837 -1160409769 348395775 1129933975 1380877577 -55735331 268974751 -155643549 1279612348 201459363 474770176 10897229 -9398763 -114345158 -548221942 -326240376 -219650367 -1388163195 -746156080
2061907207 -179705849 -651432965 -854840328 29326388 734751894 -79546594 888733071 -664607129 245739521 32085724 -55735331 598094017 785460306 -510527651 -974614764 -110581123 -915592466 -28291974 -883210064 -611341043 333263804 -50974055 -1384108374 796374091 402678284
-397186151 991469522 -116519142 -1478724388 -398553060 631519616 -692342211 -1890489340 -544552893 -610010611 692586416 268974751 785460306 1686759105 -79164300 -275931584 -646206270 347845633 -20594586 1462359668 -151076788 -703517357 -1314635847 394921925 210588182 -112412300
-1137103085 -237609230 -1269295430 283745785 -511788587 -962023593 622375402 -429235875 -1067921968 824558169 -18965025 -155643549 -510527651 -79164300 -146845710 443935138 651491018 998940077 -612172838 54540839 -1690741703 -718476847 495229654 -577521010 -1471056159 118698576
1350822471 1165947853 397193254 -903745063 43560084 -1387966979 109221869 -1452915547 -200321558 585928612 -846525732 1279612348 -974614764 -275931584 443935138 720592105 -404217895 1652813225 -2816832 1036563386 -418062969 -713284347 1229478474 1040745606 929641333 398589079
90250884 -841263068 -329827600 677097347 68129567 -139447845 -451031507 1191777597 1593320095 -404778566 -669614195 201459363 -110581123 -646206270 651491018 -404217895 -1249671254 -1140158916 -296822154 -817210511 -560804124 -804065573 -704874620 -222412742 728697431 582006197
924352325 -1107984459 1016799177 866676452 101752465 -307878336 601194705 -829233201 -68386000 800045768 -745690079 474770176 -915592466 347845633 998940077 1652813225 -1140158916 -1261568351 -1506777595 -186452170 154305733 344259819 -139877044 16151279 211857775 -283916402
263042656 -944476477 729767600 1850690905 -180550149 638781364 -302808810 1255309955 -500251453 565669807 -60353285 10897229 -28291974 -20594586 -612172838 -2816832 -296822154 -1506777595 -638945744 649989283 -478001933 -1139072622 -1019240773 -8920349 -136424720 129340793
272780658 -1192684273 -1666771245 620934114 -278565796 1861130975 325494863 188036205 -126224394 -992008822 807237855 -9398763 -883210064 1462359668 54540839 1036563386 -817210511 -186452170 649989283 -1269563403 730365763 -549735808 -1398075483 -683601243 1312937479 -1102863515
-1533329511 -720001178 -609411974 1376609831 72297201 -738250387 1118164675 -285930462 955770788 954352987 -154164644 -114345158 -611341043 -151076788 -1690741703 -418062969 -560804124 154305733 -478001933 730365763 946029964 -607360212 418116097 619148012 -1202732326 -231661291
-740387952 -676274572 -1146532318 -205508171 -317329456 1029847983 828125440 762317999 -1590599577 -155085279 210840464 -548221942 333263804 -703517357 -718476847 -713284347 -804065573 344259819 -1139072622 -549735808 -607360212 862609990 1386715741 -348466099 -32297147 271135945
880342636 547693582 -361489768 1294400823 -145450096 570221697 978738065 566823129 -937747002 -1689885808 365063261 -326240376 -50974055 -1314635847 495229654 1229478474 -704874620 -139877044 -1019240773 -1398075483 418116097 1386715741 965849728 -1726949885 -275119428 1005284527
-460458974 1063236958 447833815 883951761 -261315841 524962092 -1008524007 43098007 -544340386 -2030018910 476055123 -219650367 -1384108374 394921925 -577521010 1040745606 -222412742 16151279 -8920349 -683601243 619148012 -348466099 -1726949885 399877427 88729831 811845617
1711301950 -1037259985 -141214992 -210858430 -386097371 370574388 324178040 -1363019092 1391106869 1419057193 -285878251 -1388163195 796374091 210588182 -1471056159 929641333 728697431 211857775 -136424720 1312937479 -1202732326 -32297147 -275119428 88729831 -7201281 316955418
1111763423 -503303618 279495432 -1198461278 -855048181 530153740 -1466602395 -215020616 577760342 642006804 58037492 -746156080 402678284 -112412300 118698576 398589079 582006197 -283916402 129340793 -1102863515 -231661291 271135945 1005284527 811845617 316955418 -107115546
27
1389643851 -226625788 841017077 391028723 -538767640 -836453916 598754970 -968531589 -1405315658 1216664713 -452862734 -516966268 -576989254 1069064036 -898084164 168383656 1156628453 1232504540 -242176024 205530364 -305949258 -90186274 -1059981268 627593302 1853319064 -301086110 993298738
-226625788 466002327 1135684501 -1301508407 315723829 -497174873 -188692923 1159132176 -1641996044 214162161 881549110 36935906 1522310741 -1469891717 433791195 331422626 161349749 -1019999444 320149072 1029020984 -1704186027 371832703 -950020048 51640771 -301416443 49427758 -1402463392
841017077 1135684501 1522186533 -735364009 384924742 290757293 1060921698 -75685416 259102005 260108651 -69045085 53381786 107802951 385723274 1267349050 -818041928 1099815755 715397853 863150175 657193141 -254084229 -1203924164 -306340765 1554451297 122902797 1195248431 49828587
391028723 -1301508407 -735364009 -785406579 -296065453 -159016417 301478727 495093808 262808078 -253922752 -735066551 -251660153 834223297 277013070 1467950222 -127751289 1495822033 311746658 -971741344 1110732094 -1013758195 510935761 -1244179083 413732126 1239597039 -330004981 -783753084
-538767640 315723829 384924742 -296065453 -86021113 969609721 913727810 1152768003 289433026 631907767 231037905 494739859 -637901659 -1536999453 -19920017 737679345 118262986 -1535254774 -372555875 223544332 1832396191 317062498 273645776 450952859 -738884423 89567647 -1605849487
-836453916 -497174873 290757293 -159016417 969609721 -377381000 -454481450 -1068057864 -557347468 195445875 -1281639824 -435425518 1692705832 -309679471 -474023834 970866822 1997832918 -526317601 -1484158312 -789694173 1791256130 -73749131 -968105257 -1594394516 -277699960 91519819 -171597621
598754970 -188692923 1060921698 301478727 913727810 -454481450 1835865764 -429699747 -1824659241 78485188 259408025 754189719 -695343801 894132210 -1785885550 1013508049 -1352602729 -17542088 160843558 -1003538264 -1374287524 -353680041 -1605679796 -415116373 547767781 113709682 -1202952436
-968531589 1159132176 -75685416 495093808 1152768003 -1068057864 -429699747 -2073891709 -714024989 246978725 -681298169 1229991841 -615863906 -1123514353 831326782 1734910367 859554276 -1703762245 -577885239 -1548665285 683327912 -479683567 -543302262 146024876 -134681458 -439816616 -24756005
-1405315658 -1641996044 259102005 262808078 289433026 -557347468 -1824659241 -714024989 -1055166635 1997526984 522698259 -239902256 -213206713 -1393572454 540924669 -126552737 -1190953724 -1050777508 367218302 -106829160 157929937 368499732 -787896584 -776317884 1128649722 843031350 356876137
1216664713 214162161 260108651 -253922752 631907767 195445875 78485188 246978725 1997526984 -22373610 1075458423 -381748619 2125137900 -587183750 -1807074397 1586780598 1719994122 -166048611 105895483 1037261513 -110538774 488432590 836292648 -164417032 -296020291 1102685350 295533132
-452862734 881549110 -69045085 -735066551 231037905 -1281639824 259408025 -681298169 522698259 1075458423 -769489052 282728831 -710240467 863337119 -931955865 -1001384085 1466000757 647371086 221876538 254136065 59801891 1342065249 147583741 -308722504 -387913322 -237326412 365130840
-516966268 36935906 53381786 -251660153 494739859 -435425518 754189719 1229991841 -239902256 -381748619 282728831 -1106365451 -276170536 31997202 -313360145 -424804141 128887303 293123582 -1006832607 139584336 554904715 34794951 -10340190 -1529024781 -1122940788 -680245316 -123920664
-576989254 1522310741 107802951 834223297 -637901659 1692705832 -695343801 -615863906 -213206713 2125137900 -710240467 -276170536 21462197 8664523 1000701713 1135519415 359220014 -747780930 -602126997 -1347096403 1483086006 299020282 -347961869 558560259 789597067 -266952970 781782238
1069064036 -1469891717 385723274 277013070 -1536999453 -309679471 894132210 -1123514353 -1393572454 -587183750 863337119 31997202 8664523 2047022489 -424729620 418287560 -1354535929 685702102 -225415824 -225447143 -1352724899 -63667743 1685864860 -535485843 -400307038 -642480378 426069978
-898084164 433791195 1267349050 1467950222 -19920017 -474023834 -1785885550 831326782 540924669 -1807074397 -931955865 -313360145 1000701713 -424729620 1943398624 -634984379 -1349525849 499031943 1049105523 -1143681654 -893692903 373786400 -1463842373 -139650021 517286927 -917195943 -276088116
168383656 331422626 -818041928 -127751289 737679345 970866822 1013508049 1734910367 -126552737 1586780598 -1001384085 -424804141 1135519415 418287560 -634984379 -662007204 -1576219198 -1002913902 -793361653 -572364687 -45514425 11746817 479706814 -420043207 -199498483 -122264741 300557120
1156628453 161349749 1099815755 1495822033 118262986 1997832918 -1352602729 859554276 -1190953724 1719994122 1466000757 128887303 359220014 -1354535929 -1349525849 -1576219198 1882524281 -446402912 -1190221596 -81906102 200189473 -1452107364 -366579492 107539899 -1072024319 -995177361 -288345724
1232504540 -1019999444 715397853 311746658 -1535254774 -526317601 -17542088 -1703762245 -1050777508 -166048611 647371086 293123582 -747780930 685702102 499031943 -1002913902 -446402912 771200145 -2062965468 -1346045726 733599654 -619960215 310703232 -942115770 -145800516 -690974978 -1620771049
-242176024 320149072 863150175 -971741344 -372555875 -1484158312 160843558 -577885239 367218302 105895483 221876538 -1006832607 -602126997 -225415824 1049105523 -793361653 -1190221596 -2062965468 -1432743574 939526150 -1158596793 545147730 1422323770 -1059961904 1225371117 721924663 1058889720
205530364 1029020984 657193141 1110732094 223544332 -789694173 -1003538264 -1548665285 -106829160 1037261513 254136065 139584336 -1347096403 -225447143 -1143681654 -572364687 -81906102 -1346045726 939526150 139757911 -5265559 -135202797 -477336835 856253914 1468935503 -524891002 -577696964
-305949258 -1704186027 -254084229 -1013758195 1832396191 1791256130 -1374287524 683327912 157929937 -110538774 59801891 554904715 1483086006 -1352724899 -893692903 -45514425 200189473 733599654 -1158596793 -5265559 -1790713924 1330231205 -449119771 1689107061 1073684634 -154843945 292133883
-90186274 371832703 -1203924164 510935761 317062498 -73749131 -353680041 -479683567 368499732 488432590 1342065249 34794951 299020282 -63667743 373786400 11746817 -1452107364 -619960215 545147730 -135202797 1330231205 -842232000 -102513967 1433273727 1376442146 616587148 -1142640322
-1059981268 -950020048 -306340765 -1244179083 273645776 -968105257 -1605679796 -543302262 -787896584 836292648 147583741 -10340190 -347961869 1685864860 -1463842373 479706814 -366579492 310703232 1422323770 -477336835 -449119771 -102513967 -231688683 -645883696 613621738 67064348 499870334
627593302 51640771 1554451297 413732126 450952859 -1594394516 -415116373 146024876 -776317884 -164417032 -308722504 -1529024781 558560259 -535485843 -139650021 -420043207 107539899 -942115770 -1059961904 856253914 1689107061 1433273727 -645883696 917878916 1245840984 -1860109232 -1761279098
1853319064 -301416443 122902797 1239597039 -738884423 -277699960 547767781 -134681458 1128649722 -296020291 -387913322 -1122940788 789597067 -400307038 517286927 -199498483 -1072024319 -145800516 1225371117 1468935503 1073684634 1376442146 613621738 1245840984 -2066282865 246763342 1099256234
-301086110 49427758 1195248431 -330004981 89567647 91519819 113709682 -439816616 843031350 1102685350 -237326412 -680245316 -266952970 -642480378 -917195943 -122264741 -995177361 -690974978 721924663 -524891002 -154843945 616587148 67064348 -1860109232 246763342 101248887 -1106965180
993298738 -1402463392 49828587 -783753084 -1605849487 -171597621 -1202952436 -24756005 356876137 295533132 365130840 -123920664 781782238 426069978 -276088116 300557120 -288345724 -1620771049 1058889720 -577696964 292133883 -1142640322 499870334 -1761279098 1099256234 -1106965180 1568153808
28
-134870708 -225226603 -811428334 -91228367 -350420902 -2006978688 -311817350 379492678 1241154759 981836924 1049879126 -619255401 -1050906690 -1610188356 -402419924 -924862521 279666861 210246248 -561721737 -808434760 482105335 -594079689 775596569 -197667732 -570877227 -1685732115 1657048091 90128501
-225226603 -507255915 -1027471745 63235169 723675599 603640878 -1485321664 1783029237 926009132 -867440652 -1460695913 -31359885 392641123 -1747092236 -1793794532 946963833 1867559565 -159513888 -134377927 1260668605 1019783106 -326523107 1135597110 -1657178634 132496224 816510348 -802922974 143470670
-811428334 -1027471745 835004390 -471643886 -74331963 155720078 499273377 606318025 -79604774 -1441738328 -43596630 1240240627 349864024 794304925 29514039 -1043624933 862682221 -29890395 423865952 1819681008 137051088 620355676 1452713520 76957446 -1667772780 1081733333 -24353006 -511855519
-91228367 63235169 -471643886 1115477289 1163784362 -99977848 -280369409 134900434 -13341273 1288837832 649616690 -843793184 1097302102 241637670 -1397051253 -158150262 -1506162034 -734104893 3229566 724342484 661650817 765693639 1414570164 -356768175 -132262959 1658371693 572073710 -528970601
-350420902 723675599 -74331963 1163784362 -1186461243 -583903460 -113456842 -1489073008 1576615600 132295602 -907744868 -875528019 142177292 -69489372 -1519373505 215315013 -16679586 282998078 -1727560306 1604971771 1131092081 -277372675 130881003 449639929 100621603 -1066465533 416645208 303240041
-2006978688 603640878 155720078 -99977848 -583903460 2018501081 -165632510 -709054276 313745 -1040259036 244950536 -1312795102 -174481864 1608142274 -30438911 -871089746 119896050 -818843990 796008453 432468222 764644150 149572651 539942565 421776465 -313048199 -39032296 372023302 -230721865
-311817350 -1485321664 499273377 -280369409 -113456842 -165632510 932905824 1515300853 1584581668 530886914 38649079 -852869776 1066260405 -62282764 -488699398 -1737900994 532014964 1403412361 -422551934 1860455706 1841224403 626684821 -1186526189 -649123425 -40830195 -1769281148 90692963 797355602
379492678 1783029237 606318025 134900434 -1489073008 -709054276 1515300853 -1254607587 964043261 -49749693 -214228312 -1237675796 -320739670 813978760 705574953 -377423514 -1065060421 277665981 154771249 -433079679 -1907431113 -270931263 -688425260 25812868 -183414869 -997334259 1003811863 1138784549
1241154759 926009132 -79604774 -13341273 1576615600 313745 1584581668 964043261 1756951883 46913177 -1487460351 311180092 220889710 -128005734 -1752479662 1733186995 918147472 126993846 719224740 -1100381240 -400303315 -453248255 484023030 78931375 931013939 -1827254888 385653949 510317879
981836924 -867440652 -1441738328 1288837832 132295602 -1040259036 530886914 -49749693 46913177 268404194 112583080 1342955426 -157156811 -764911991 -247778077 1236734861 169155992 552267941 248848038 207801970 1051379087 -264535531 1915468272 522566673 -101101269 -596368935 111868360 -1211153260
1049879126 -1460695913 -43596630 649616690 -907744868 244950536 38649079 -214228312 -1487460351 112583080 -2043131535 340691688 -1591776454 161412419 -1028583167 262685655 962072976 -584851917 -440350653 -272782361 1317514485 -266647122 -783112021 712176414 -252866480 -806978052 486372084 441763288
-619255401 -31359885 1240240627 -843793184 -875528019 -1312795102 -852869776 -1237675796 311180092 1342955426 340691688 -1148497862 -948849932 225122819 -662865294 1270990550 -1109301933 766805422 -162102888 -969611976 1407875452 -1109181008 -990459651 59426924 -1755927640 -242741243 403252001 -323262913
-1050906690 392641123 349864024 1097302102 142177292 -174481864 1066260405 -320739670 220889710 -157156811 -1591776454 -948849932 -1785718168 37429194 -918982879 889802146 -595921894 -652258249 101366277 -793473085 130780588 -865130803 -555149388 -758182026 1288814413 853687848 -1524969923 -1013899391
-1610188356 -1747092236 794304925 241637670 -69489372 1608142274 -62282764 813978760 -128005734 -764911991 161412419 225122819 37429194 -1359289846 -302175 751889918 -506935073 552520753 511895901 412991218 721613397 -595396919 316242947 870530551 1809986297 303700960 -1159943111 -824173825
-402419924 -1793794532 29514039 -1397051253 -1519373505 -30438911 -488699398 705574953 -1752479662 -247778077 -1028583167 -662865294 -918982879 -302175 -148455665 151954589 1138803931 -646963352 -1092355481 -887121283 520129653 -192284576 -493237455 -158227985 1534785717 -1047484134 514757658 507034370
-924862521 946963833 -1043624933 -158150262 215315013 -871089746 -1737900994 -377423514 1733186995 1236734861 262685655 1270990550 889802146 751889918 151954589 49403579 11638222 1842234912 1040308359 -232965573 -747303219 119195226 676363681 -403642133 554617578 216101320 -295438828 451155524
279666861 1867559565 862682221 -1506162034 -16679586 119896050 532014964 -1065060421 918147472 169155992 962072976 -1109301933 -595921894 -506935073 1138803931 11638222 642502333 1074282454 999330029 455396529 -1254847526 1878948555 -532372063 -475334291 1050994545 1075793690 -373156917 158885467
210246248 -159513888 -29890395 -734104893 282998078 -818843990 1403412361 277665981 126993846 552267941 -584851917 766805422 -652258249 552520753 -646963352 1842234912 1074282454 243456175 -1320971650 -571592314 -1251809268 515513425 -1721627070 769975252 181623222 -877932875 2023276115 915008861
-561721737 -134377927 423865952 3229566 -1727560306 796008453 -422551934 154771249 719224740 248848038 -440350653 -162102888 101366277 511895901 -1092355481 1040308359 999330029 -1320971650 1284173247 -1724878310 258031238 71899896 497194241 76896979 -1264736606 -409406286 836217340 -526669475
-808434760 1260668605 1819681008 724342484 1604971771 432468222 1860455706 -433079679 -1100381240 207801970 -272782361 -969611976 -793473085 412991218 -887121283 -232965573 455396529 -571592314 -1724878310 -870899176 -1736618542 693609588 -368883663 -1730250490 -855116768 1236719531 855211535 1390904513
482105335 1019783106 137051088 661650817 1131092081 764644150 1841224403 -1907431113 -400303315 1051379087 1317514485 1407875452 130780588 721613397 520129653 -747303219 -1254847526 -1251809268 258031238 -1736618542 39703859 -750189154 93720538 -233451790 167847786 -111110964 -1716021245 102434120
-594079689 -326523107 620355676 765693639 -277372675 149572651 626684821 -270931263 -453248255 -264535531 -266647122 -1109181008 -865130803 -595396919 -192284576 119195226 1878948555 515513425 71899896 693609588 -750189154 525455629 -488695103 -836232796 718894209 -799356479 -276683261 -939374378
775596569 1135597110 1452713520 1414570164 130881003 539942565 -1186526189 -688425260 484023030 1915468272 -783112021 -990459651 -555149388 316242947 -493237455 676363681 -532372063 -1721627070 497194241 -368883663 93720538 -488695103 -1325927614 -440809955 204651363 702640790 267136072 -947602175
-197667732 -1657178634 76957446 -356768175 449639929 421776465 -649123425 25812868 78931375 522566673 712176414 59426924 -758182026 870530551 -158227985 -403642133 -475334291 769975252 76896979 -1730250490 -233451790 -836232796 -440809955 -2099048223 1191624861 1436515608 -961608493 -1574646579
-570877227 132496224 -1667772780 -132262959 100621603 -313048199 -40830195 -183414869 931013939 -101101269 -252866480 -1755927640 1288814413 1809986297 1534785717 554617578 1050994545 181623222 -1264736606 -855116768 167847786 718894209 204651363 1191624861 -2068496065 -355539548 328679205 930543716
-1685732115 816510348 1081733333 1658371693 -1066465533 -39032296 -1769281148 -997334259 -1827254888 -596368935 -806978052 -242741243 853687848 303700960 -1047484134 216101320 1075793690 -877932875 -409406286 1236719531 -111110964 -799356479 702640790 1436515608 -355539548 1070397883 -404314686 -74157625
1657048091 -802922974 -24353006 572073710 416645208 372023302 90692963 1003811863 385653949 111868360 486372084 403252001 -1524969923 -1159943111 514757658 -295438828 -373156917 2023276115 836217340 855211535 -1716021245 -276683261 267136072 -961608493 328679205 -404314686 746636234 1100288127
90128501 143470670 -511855519 -528970601 303240041 -230721865 797355602 1138784549 510317879 -1211153260 441763288 -323262913 -1013899391 -824173825 507034370 451155524 158885467 915008861 -526669475 1390904513 102434120 -939374378 -947602175 -1574646579 930543716 -74157625 1100288127 2122456121
29
-1082764638 257392067 -903632247 538478218 1759257963 639830623 1028992189 883313782 1340290255 1221560168 1267487177 270389846 -5992474 1222760957 588820549 16443780 40416882 241427494 -311974458 -1863796971 -1753652532 151553935 438382115 -225074304 -526715662 202825506 302975971 1427953712 -66898498
257392067 -2132126191 724836910 -64345915 -1626987027 892102884 -1403747039 -958923400 52137346 702487164 -415013705 -801360143 -769131483 359275957 1821498094 901416216 -1401614154 -1112532539 -853505265 803641385 -1497701341 -293826099 508268029 -547710707 -439411898 -95936975 -217184849 -387909321 -1268188221
-903632247 724836910 -334224817 -641632753 -1385441655 161428105 -301956565 71572286 -454686834 -922740688 964639035 -181019462 71162513 -1043082448 17325897 434762254 1025422994 1161420519 108083503 -1129884441 1186502994 1593563685 799408209 -495842632 -150698162 158774149 -562142681 1094864631 462712099
538478218 -64345915 -641632753 1463971865 -133130089 21949138 -881799314 601086507 1674150647 -699781009 -1348708823 84010040 -239575152 -657416799 -553949672 391763137 -47639629 -2746754 478749192 275589894 -23704321 -1094561327 403707864 974767282 -1866985661 -387836949 1203726189 462078274 -1213047854
1759257963 -1626987027 -1385441655 -133130089 1776429011 -558078969 -656277615 760320765 330494308 -1423407678 248191088 -556669926 180570965 -1562970811 625850407 1493204415 1803335183 1033906161 -266279685 755390201 -116657693 -264434108 -884212749 660519675 1185747379 590423473 1045168040 -1686344006 -993024658
639830623 892102884 161428105 21949138 -558078969 -1303145586 35307858 638606693 -185015709 1351509554 1306679915 -1059853185 -1538957177 -1193147921 -107203072 291217467 -223142462 -312511383 -785261284 -455873069 -438006453 224304993 353030766 -658865582 266308969 1332859170 1122366895 702397896 324241389
1028992189 -1403747039 -301956565 -881799314 -656277615 35307858 -1808421923 65381279 258920733 -837984861 -382932714 -927766354 -691284266 1388964240 -98678155 -277715621 -960736012 1164772032 -92609230 -531286321 1346670799 691167539 201181856 -372452569 -208201160 1032413890 1036694090 1502564286 -1148482810
883313782 -958923400 71572286 601086507 760320765 638606693 65381279 -1296386369 -1758017370 629131325 1951757196 418306891 1174768701 1245729986 145794103 -412400931 -1705144964 -735445636 -1693204529 195092117 494203772 1977270212 1171244805 640149149 -179616262 -104784075 341368542 509656420 68143141
1340290255 52137346 -454686834 1674150647 330494308 -185015709 258920733 -1758017370 2095305769 -48632984 -2024386596 996113934 1660175875 -487786434 -372851251 1335827976 200967914 80536177 -855235902 -206857413 445858676 -1085826464 -1867625843 1122750722 61867080 355008630 1520888104 429287649 -892310192
1221560168 702487164 -922740688 -699781009 -1423407678 1351509554 -837984861 629131325 -48632984 1838416728 -547975780 111845235 457695682 261835916 -444428203 1782199221 -387220419 -964976881 -1923844530 -384920563 451909473 -1371505170 293455212 -1251954204 234710085 -1797687156 99051433 1688243039 291730445
1267487177 -415013705 964639035 -1348708823 248191088 1306679915 -382932714 1951757196 -2024386596 -547975780 1245702531 -194563032 302458753 134564929 810432507 -204927287 386163170 885535021 203222345 -1486036740 874015035 -839263729 635562319 -132654921 -1427351820 -1157564209 -681066618 429133516 -414037733
270389846 -801360143 -181019462 84010040 -556669926 -1059853185 -927766354 418306891 996113934 111845235 -194563032 -2078583975 4140274 -977268979 -1917433588 1772254396 328011678 152742603 -481611192 119252627 -113080484 1189828645 410609339 1781890703 -1279227007 -900079727 -632793523 453012520 75975034
-5992474 -769131483 71162513 -239575152 180570965 -1538957177 -691284266 1174768701 1660175875 457695682 302458753 4140274 -1972020184 189147103 -602114700 -853227574 -1190597952 -581071158 -827878071 657010173 1265723070 -1284001067 500246445 416247945 -93711065 -503142421 627395679 -1369277129 -833947246
1222760957 359275957 -1043082448 -657416799 -1562970811 -1193147921 1388964240 1245729986 -487786434 261835916 134564929 -977268979 189147103 721736552 -196578626 -222469613 -1241810030 -1355723464 -1013673551 527075914 497114667 -115218625 -1513270114 -890322813 -158718703 -924410900 -308912013 -797138226 -619884254
588820549 1821498094 17325897 -553949672 625850407 -107203072 -98678155 145794103 -372851251 -444428203 810432507 -1917433588 -602114700 -196578626 1281493292 258625125 589482629 -919678344 -401295400 -891771271 1315107446 451741842 1740722363 71746000 -157932274 -1280086809 -169114807 -112032770 -706625366
16443780 901416216 434762254 391763137 1493204415 291217467 -277715621 -412400931 1335827976 1782199221 -204927287 1772254396 -853227574 -222469613 258625125 951520527 208868777 37324027 382117834 -319751202 146813251 323632964 1310102624 -1104289912 448705430 1282981966 -560600421 506124024 1557784164
40416882 -1401614154 1025422994 -47639629 1803335183 -223142462 -960736012 -1705144964 200967914 -387220419 386163170 328011678 -1190597952 -1241810030 589482629 208868777 -1576719050 1457552799 200934979 -959967630 1315439233 1531653249 -530193994 96578566 -216940967 33801562 334707195 968658387 62934062
241427494 -1112532539 1161420519 -2746754 1033906161 -312511383 1164772032 -735445636 80536177 -964976881 885535021 152742603 -581071158 -1355723464 -919678344 37324027 1457552799 -179705069 -1175974507 1051877529 164976810 36422504 1427261503 -77447219 -1311484428 -648336066 -199253948 -522881574 713991474
-311974458 -853505265 108083503 478749192 -266279685 -785261284 -92609230 -1693204529 -855235902 -1923844530 203222345 -481611192 -827878071 -1013673551 -401295400 382117834 200934979 -1175974507 366996522 -622258542 -372947047 341552705 1207270899 -17533975 -106432523 -1953088872 -259868758 745523055 -2063146063
-1863796971 803641385 -1129884441 275589894 755390201 -455873069 -531286321 195092117 -206857413 -384920563 -1486036740 119252627 657010173 527075914 -891771271 -319751202 -959967630 1051877529 -622258542 1611750087 -458647972 1286553691 -626863777 487964929 -1027506045 -735121622 -233905147 -943235051 1218801454
-1753652532 -1497701341 1186502994 -23704321 -116657693 -438006453 1346670799 494203772 445858676 451909473 874015035 -113080484 1265723070 497114667 1315107446 146813251 1315439233 164976810 -372947047 -458647972 -2083297069 -519755502 384043129 72144553 736425776 -887636944 25992414 -51614171 -376276921
151553935 -293826099 1593563685 -1094561327 -264434108 224304993 691167539 1977270212 -1085826464 -1371505170 -839263729 1189828645 -1284001067 -115218625 451741842 323632964 1531653249 36422504 341552705 1286553691 -519755502 403553667 -289533083 -392151552 897479080 1833277147 -1911185699 -530532305 -828852563
438382115 508268029 799408209 403707864 -884212749 353030766 201181856 1171244805 -1867625843 293455212 635562319 410609339 500246445 -1513270114 1740722363 1310102624 -530193994 1427261503 1207270899 -626863777 384043129 -289533083 1558824842 -689575405 -1078874467 -1859656392 -1461010243 199079665 512567004
-225074304 -547710707 -495842632 974767282 660519675 -658865582 -372452569 640149149 1122750722 -1251954204 -132654921 1781890703 416247945 -890322813 71746000 -1104289912 96578566 -77447219 -17533975 487964929 72144553 -392151552 -689575405 -1569685836 -1217845292 -699208671 -165280493 241171194 297020172
-526715662 -439411898 -150698162 -1866985661 1185747379 266308969 -208201160 -179616262 61867080 234710085 -1427351820 -1279227007 -93711065 -158718703 -157932274 448705430 -216940967 -1311484428 -106432523 -1027506045 736425776 897479080 -1078874467 -1217845292 946769499 -334872226 970077891 -1932030858 1162679751
202825506 -95936975 158774149 -387836949 590423473 1332859170 1032413890 -104784075 355008630 -1797687156 -1157564209 -900079727 -503142421 -924410900 -1280086809 1282981966 33801562 -648336066 -1953088872 -735121622 -887636944 1833277147 -1859656392 -699208671 -334872226 1792803207 -11260392 -1296715026 517439234
302975971 -217184849 -562142681 1203726189 1045168040 1122366895 1036694090 341368542 1520888104 99051433 -681066618 -632793523 627395679 -308912013 -169114807 -560600421 334707195 -199253948 -259868758 -233905147 25992414 -1911185699 -1461010243 -165280493 970077891 -11260392 472366628 437554767 -475014346
1427953712 -387909321 1094864631 462078274 -1686344006 702397896 1502564286 509656420 429287649 1688243039 429133516 453012520 -1369277129 -797138226 -112032770 506124024 968658387 -522881574 745523055 -943235051 -51614171 -530532305 199079665 241171194 -1932030858 -1296715026 437554767 1894432014 -1167378431
-66898498 -1268188221 462712099 -1213047854 -993024658 324241389 -1148482810 68143141 -892310192 291730445 -414037733 75975034 -833947246 -619884254 -706625366 1557784164 62934062 713991474 -2063146063 1218801454 -376276921 -828852563 512567004 297020172 1162679751 517439234 -475014346 -1167378431 1740433450
